{
 "cells": [
  {
   "cell_type": "markdown",
   "metadata": {},
   "source": [
    "# Kendal correlation between levels"
   ]
  },
  {
   "cell_type": "code",
   "execution_count": 1,
   "metadata": {},
   "outputs": [],
   "source": [
    "%matplotlib inline\n",
    "\n",
    "import matplotlib\n",
    "import numpy as np\n",
    "import matplotlib.pyplot as plt\n",
    "import pandas as pd\n",
    "import seaborn as sns\n",
    "import pandas as pd"
   ]
  },
  {
   "cell_type": "markdown",
   "metadata": {},
   "source": [
    "## Misc functions"
   ]
  },
  {
   "cell_type": "code",
   "execution_count": 2,
   "metadata": {},
   "outputs": [],
   "source": [
    "MAX_V_VALUE = 4158\n",
    "\n",
    "def select_max_k(df):\n",
    "    df.groupby(['node','s'], sort=False)['k'].max()\n",
    "    idx = df.groupby(['node','s'])['k'].transform(max) == df['k']\n",
    "    df_k_max = df[idx][['node','number_influenced','s']]\n",
    "    return df_k_max\n",
    "\n",
    "def generate_pivot_df(df_k_max):\n",
    "    pivot_df = []\n",
    "\n",
    "    for n in df_k_max['node'].unique():\n",
    "        df_nodes = df_k_max.loc[df_k_max['node'] == n]\n",
    "        df_nodes = df_nodes.set_index('node', drop=True)\n",
    "        pivot_df.append(df_nodes.pivot_table(values='number_influenced',\n",
    "                                             index=df_nodes.index,\n",
    "                                             columns='s').reset_index(drop=True))\n",
    "    df_to_corr = pd.concat(pivot_df)\n",
    "    \n",
    "    return df_to_corr"
   ]
  },
  {
   "cell_type": "markdown",
   "metadata": {},
   "source": [
    "## Plurality"
   ]
  },
  {
   "cell_type": "code",
   "execution_count": 3,
   "metadata": {},
   "outputs": [
    {
     "data": {
      "text/html": [
       "<div>\n",
       "<style scoped>\n",
       "    .dataframe tbody tr th:only-of-type {\n",
       "        vertical-align: middle;\n",
       "    }\n",
       "\n",
       "    .dataframe tbody tr th {\n",
       "        vertical-align: top;\n",
       "    }\n",
       "\n",
       "    .dataframe thead th {\n",
       "        text-align: right;\n",
       "    }\n",
       "</style>\n",
       "<table border=\"1\" class=\"dataframe\">\n",
       "  <thead>\n",
       "    <tr style=\"text-align: right;\">\n",
       "      <th></th>\n",
       "      <th>k</th>\n",
       "      <th>node</th>\n",
       "      <th>number_influenced</th>\n",
       "      <th>s</th>\n",
       "    </tr>\n",
       "  </thead>\n",
       "  <tbody>\n",
       "    <tr>\n",
       "      <th>0</th>\n",
       "      <td>0</td>\n",
       "      <td>24587</td>\n",
       "      <td>1</td>\n",
       "      <td>0</td>\n",
       "    </tr>\n",
       "    <tr>\n",
       "      <th>1</th>\n",
       "      <td>0</td>\n",
       "      <td>24587</td>\n",
       "      <td>2</td>\n",
       "      <td>1</td>\n",
       "    </tr>\n",
       "    <tr>\n",
       "      <th>2</th>\n",
       "      <td>0</td>\n",
       "      <td>24587</td>\n",
       "      <td>26</td>\n",
       "      <td>2</td>\n",
       "    </tr>\n",
       "    <tr>\n",
       "      <th>3</th>\n",
       "      <td>1</td>\n",
       "      <td>24587</td>\n",
       "      <td>41</td>\n",
       "      <td>2</td>\n",
       "    </tr>\n",
       "    <tr>\n",
       "      <th>4</th>\n",
       "      <td>2</td>\n",
       "      <td>24587</td>\n",
       "      <td>42</td>\n",
       "      <td>2</td>\n",
       "    </tr>\n",
       "  </tbody>\n",
       "</table>\n",
       "</div>"
      ],
      "text/plain": [
       "   k   node  number_influenced  s\n",
       "0  0  24587                  1  0\n",
       "1  0  24587                  2  1\n",
       "2  0  24587                 26  2\n",
       "3  1  24587                 41  2\n",
       "4  2  24587                 42  2"
      ]
     },
     "execution_count": 3,
     "metadata": {},
     "output_type": "execute_result"
    }
   ],
   "source": [
    "df = pd.read_csv('parallel_merge_plurality.csv',\n",
    "                 names=['k','node','number_influenced','s'])\n",
    "df.head()"
   ]
  },
  {
   "cell_type": "code",
   "execution_count": 4,
   "metadata": {},
   "outputs": [
    {
     "data": {
      "text/html": [
       "<div>\n",
       "<style scoped>\n",
       "    .dataframe tbody tr th:only-of-type {\n",
       "        vertical-align: middle;\n",
       "    }\n",
       "\n",
       "    .dataframe tbody tr th {\n",
       "        vertical-align: top;\n",
       "    }\n",
       "\n",
       "    .dataframe thead th {\n",
       "        text-align: right;\n",
       "    }\n",
       "</style>\n",
       "<table border=\"1\" class=\"dataframe\">\n",
       "  <thead>\n",
       "    <tr style=\"text-align: right;\">\n",
       "      <th></th>\n",
       "      <th>node</th>\n",
       "      <th>number_influenced</th>\n",
       "      <th>s</th>\n",
       "    </tr>\n",
       "  </thead>\n",
       "  <tbody>\n",
       "    <tr>\n",
       "      <th>0</th>\n",
       "      <td>24587</td>\n",
       "      <td>1</td>\n",
       "      <td>0</td>\n",
       "    </tr>\n",
       "    <tr>\n",
       "      <th>1</th>\n",
       "      <td>24587</td>\n",
       "      <td>2</td>\n",
       "      <td>1</td>\n",
       "    </tr>\n",
       "    <tr>\n",
       "      <th>4</th>\n",
       "      <td>24587</td>\n",
       "      <td>42</td>\n",
       "      <td>2</td>\n",
       "    </tr>\n",
       "    <tr>\n",
       "      <th>7</th>\n",
       "      <td>24587</td>\n",
       "      <td>206</td>\n",
       "      <td>3</td>\n",
       "    </tr>\n",
       "    <tr>\n",
       "      <th>15</th>\n",
       "      <td>24587</td>\n",
       "      <td>1054</td>\n",
       "      <td>4</td>\n",
       "    </tr>\n",
       "  </tbody>\n",
       "</table>\n",
       "</div>"
      ],
      "text/plain": [
       "     node  number_influenced  s\n",
       "0   24587                  1  0\n",
       "1   24587                  2  1\n",
       "4   24587                 42  2\n",
       "7   24587                206  3\n",
       "15  24587               1054  4"
      ]
     },
     "execution_count": 4,
     "metadata": {},
     "output_type": "execute_result"
    }
   ],
   "source": [
    "df_k_max = select_max_k(df)\n",
    "df_k_max.head()"
   ]
  },
  {
   "cell_type": "code",
   "execution_count": 5,
   "metadata": {},
   "outputs": [],
   "source": [
    "level_dummy_df = []\n",
    "\n",
    "for l in range(18):\n",
    "    level_dummy_df.append({'s':l})\n",
    "\n",
    "df_levels = pd.DataFrame(level_dummy_df)\n",
    "\n",
    "list_to_contact_df = []\n",
    "\n",
    "for n in df_k_max['node'].unique():    \n",
    "    df_sub_to_fill = df_k_max.loc[df_k_max['node'] == n]\n",
    "    df_sub_w_lvls = pd.merge(df_sub_to_fill, df_levels, how='outer', on=['s'])\n",
    "    df_sub_w_lvls['node'] = df_sub_w_lvls['node'].fillna(n)\n",
    "    df_sub_w_lvls['number_influenced'] = df_sub_w_lvls['number_influenced'].fillna(MAX_V_VALUE)\n",
    "    list_to_contact_df.append(df_sub_w_lvls)\n",
    "    \n",
    "df_k_max = pd.concat(list_to_contact_df)"
   ]
  },
  {
   "cell_type": "code",
   "execution_count": 6,
   "metadata": {},
   "outputs": [
    {
     "data": {
      "text/html": [
       "<div>\n",
       "<style scoped>\n",
       "    .dataframe tbody tr th:only-of-type {\n",
       "        vertical-align: middle;\n",
       "    }\n",
       "\n",
       "    .dataframe tbody tr th {\n",
       "        vertical-align: top;\n",
       "    }\n",
       "\n",
       "    .dataframe thead th {\n",
       "        text-align: right;\n",
       "    }\n",
       "</style>\n",
       "<table border=\"1\" class=\"dataframe\">\n",
       "  <thead>\n",
       "    <tr style=\"text-align: right;\">\n",
       "      <th>s</th>\n",
       "      <th>0</th>\n",
       "      <th>1</th>\n",
       "      <th>2</th>\n",
       "      <th>3</th>\n",
       "      <th>4</th>\n",
       "      <th>5</th>\n",
       "      <th>6</th>\n",
       "      <th>7</th>\n",
       "      <th>8</th>\n",
       "      <th>9</th>\n",
       "      <th>10</th>\n",
       "      <th>11</th>\n",
       "      <th>12</th>\n",
       "      <th>13</th>\n",
       "      <th>14</th>\n",
       "      <th>15</th>\n",
       "      <th>16</th>\n",
       "      <th>17</th>\n",
       "    </tr>\n",
       "  </thead>\n",
       "  <tbody>\n",
       "    <tr>\n",
       "      <th>0</th>\n",
       "      <td>1.0</td>\n",
       "      <td>2.0</td>\n",
       "      <td>42.0</td>\n",
       "      <td>206.0</td>\n",
       "      <td>1054.0</td>\n",
       "      <td>2596.0</td>\n",
       "      <td>3632.0</td>\n",
       "      <td>4015.0</td>\n",
       "      <td>4116.0</td>\n",
       "      <td>4152.0</td>\n",
       "      <td>4158.0</td>\n",
       "      <td>4158.0</td>\n",
       "      <td>4158.0</td>\n",
       "      <td>4158.0</td>\n",
       "      <td>4158.0</td>\n",
       "      <td>4158.0</td>\n",
       "      <td>4158.0</td>\n",
       "      <td>4158.0</td>\n",
       "    </tr>\n",
       "    <tr>\n",
       "      <th>0</th>\n",
       "      <td>4.0</td>\n",
       "      <td>17.0</td>\n",
       "      <td>72.0</td>\n",
       "      <td>355.0</td>\n",
       "      <td>1515.0</td>\n",
       "      <td>3016.0</td>\n",
       "      <td>3772.0</td>\n",
       "      <td>4066.0</td>\n",
       "      <td>4142.0</td>\n",
       "      <td>4156.0</td>\n",
       "      <td>4158.0</td>\n",
       "      <td>4158.0</td>\n",
       "      <td>4158.0</td>\n",
       "      <td>4158.0</td>\n",
       "      <td>4158.0</td>\n",
       "      <td>4158.0</td>\n",
       "      <td>4158.0</td>\n",
       "      <td>4158.0</td>\n",
       "    </tr>\n",
       "    <tr>\n",
       "      <th>0</th>\n",
       "      <td>1.0</td>\n",
       "      <td>9.0</td>\n",
       "      <td>33.0</td>\n",
       "      <td>290.0</td>\n",
       "      <td>1306.0</td>\n",
       "      <td>2943.0</td>\n",
       "      <td>3783.0</td>\n",
       "      <td>4061.0</td>\n",
       "      <td>4128.0</td>\n",
       "      <td>4152.0</td>\n",
       "      <td>4158.0</td>\n",
       "      <td>4158.0</td>\n",
       "      <td>4158.0</td>\n",
       "      <td>4158.0</td>\n",
       "      <td>4158.0</td>\n",
       "      <td>4158.0</td>\n",
       "      <td>4158.0</td>\n",
       "      <td>4158.0</td>\n",
       "    </tr>\n",
       "    <tr>\n",
       "      <th>0</th>\n",
       "      <td>1.0</td>\n",
       "      <td>2.0</td>\n",
       "      <td>11.0</td>\n",
       "      <td>35.0</td>\n",
       "      <td>130.0</td>\n",
       "      <td>731.0</td>\n",
       "      <td>2136.0</td>\n",
       "      <td>3412.0</td>\n",
       "      <td>3970.0</td>\n",
       "      <td>4114.0</td>\n",
       "      <td>4145.0</td>\n",
       "      <td>4156.0</td>\n",
       "      <td>4158.0</td>\n",
       "      <td>4158.0</td>\n",
       "      <td>4158.0</td>\n",
       "      <td>4158.0</td>\n",
       "      <td>4158.0</td>\n",
       "      <td>4158.0</td>\n",
       "    </tr>\n",
       "    <tr>\n",
       "      <th>0</th>\n",
       "      <td>2.0</td>\n",
       "      <td>11.0</td>\n",
       "      <td>32.0</td>\n",
       "      <td>64.0</td>\n",
       "      <td>221.0</td>\n",
       "      <td>957.0</td>\n",
       "      <td>2506.0</td>\n",
       "      <td>3560.0</td>\n",
       "      <td>3948.0</td>\n",
       "      <td>4079.0</td>\n",
       "      <td>4132.0</td>\n",
       "      <td>4156.0</td>\n",
       "      <td>4158.0</td>\n",
       "      <td>4158.0</td>\n",
       "      <td>4158.0</td>\n",
       "      <td>4158.0</td>\n",
       "      <td>4158.0</td>\n",
       "      <td>4158.0</td>\n",
       "    </tr>\n",
       "  </tbody>\n",
       "</table>\n",
       "</div>"
      ],
      "text/plain": [
       "s   0     1     2      3       4       5       6       7       8       9   \\\n",
       "0  1.0   2.0  42.0  206.0  1054.0  2596.0  3632.0  4015.0  4116.0  4152.0   \n",
       "0  4.0  17.0  72.0  355.0  1515.0  3016.0  3772.0  4066.0  4142.0  4156.0   \n",
       "0  1.0   9.0  33.0  290.0  1306.0  2943.0  3783.0  4061.0  4128.0  4152.0   \n",
       "0  1.0   2.0  11.0   35.0   130.0   731.0  2136.0  3412.0  3970.0  4114.0   \n",
       "0  2.0  11.0  32.0   64.0   221.0   957.0  2506.0  3560.0  3948.0  4079.0   \n",
       "\n",
       "s      10      11      12      13      14      15      16      17  \n",
       "0  4158.0  4158.0  4158.0  4158.0  4158.0  4158.0  4158.0  4158.0  \n",
       "0  4158.0  4158.0  4158.0  4158.0  4158.0  4158.0  4158.0  4158.0  \n",
       "0  4158.0  4158.0  4158.0  4158.0  4158.0  4158.0  4158.0  4158.0  \n",
       "0  4145.0  4156.0  4158.0  4158.0  4158.0  4158.0  4158.0  4158.0  \n",
       "0  4132.0  4156.0  4158.0  4158.0  4158.0  4158.0  4158.0  4158.0  "
      ]
     },
     "execution_count": 6,
     "metadata": {},
     "output_type": "execute_result"
    }
   ],
   "source": [
    "df_to_corr = generate_pivot_df(df_k_max)\n",
    "df_to_corr.head()"
   ]
  },
  {
   "cell_type": "code",
   "execution_count": 7,
   "metadata": {},
   "outputs": [
    {
     "data": {
      "text/html": [
       "<div>\n",
       "<style scoped>\n",
       "    .dataframe tbody tr th:only-of-type {\n",
       "        vertical-align: middle;\n",
       "    }\n",
       "\n",
       "    .dataframe tbody tr th {\n",
       "        vertical-align: top;\n",
       "    }\n",
       "\n",
       "    .dataframe thead th {\n",
       "        text-align: right;\n",
       "    }\n",
       "</style>\n",
       "<table border=\"1\" class=\"dataframe\">\n",
       "  <thead>\n",
       "    <tr style=\"text-align: right;\">\n",
       "      <th>s</th>\n",
       "      <th>0</th>\n",
       "      <th>1</th>\n",
       "      <th>2</th>\n",
       "      <th>3</th>\n",
       "      <th>4</th>\n",
       "      <th>5</th>\n",
       "      <th>6</th>\n",
       "      <th>7</th>\n",
       "      <th>8</th>\n",
       "      <th>9</th>\n",
       "      <th>10</th>\n",
       "      <th>11</th>\n",
       "      <th>12</th>\n",
       "      <th>13</th>\n",
       "      <th>14</th>\n",
       "      <th>15</th>\n",
       "      <th>16</th>\n",
       "      <th>17</th>\n",
       "    </tr>\n",
       "    <tr>\n",
       "      <th>s</th>\n",
       "      <th></th>\n",
       "      <th></th>\n",
       "      <th></th>\n",
       "      <th></th>\n",
       "      <th></th>\n",
       "      <th></th>\n",
       "      <th></th>\n",
       "      <th></th>\n",
       "      <th></th>\n",
       "      <th></th>\n",
       "      <th></th>\n",
       "      <th></th>\n",
       "      <th></th>\n",
       "      <th></th>\n",
       "      <th></th>\n",
       "      <th></th>\n",
       "      <th></th>\n",
       "      <th></th>\n",
       "    </tr>\n",
       "  </thead>\n",
       "  <tbody>\n",
       "    <tr>\n",
       "      <th>0</th>\n",
       "      <td>1.000000</td>\n",
       "      <td>0.184046</td>\n",
       "      <td>0.126698</td>\n",
       "      <td>0.124208</td>\n",
       "      <td>0.125315</td>\n",
       "      <td>0.127051</td>\n",
       "      <td>0.127378</td>\n",
       "      <td>0.129272</td>\n",
       "      <td>0.130251</td>\n",
       "      <td>0.130093</td>\n",
       "      <td>0.117204</td>\n",
       "      <td>0.069306</td>\n",
       "      <td>0.033604</td>\n",
       "      <td>-0.008080</td>\n",
       "      <td>-0.004919</td>\n",
       "      <td>0.003109</td>\n",
       "      <td>0.005585</td>\n",
       "      <td>NaN</td>\n",
       "    </tr>\n",
       "    <tr>\n",
       "      <th>1</th>\n",
       "      <td>0.184046</td>\n",
       "      <td>1.000000</td>\n",
       "      <td>0.556603</td>\n",
       "      <td>0.445083</td>\n",
       "      <td>0.416144</td>\n",
       "      <td>0.413999</td>\n",
       "      <td>0.408679</td>\n",
       "      <td>0.408963</td>\n",
       "      <td>0.397588</td>\n",
       "      <td>0.378089</td>\n",
       "      <td>0.344377</td>\n",
       "      <td>0.288095</td>\n",
       "      <td>0.205425</td>\n",
       "      <td>0.118307</td>\n",
       "      <td>0.078553</td>\n",
       "      <td>0.050879</td>\n",
       "      <td>0.020791</td>\n",
       "      <td>NaN</td>\n",
       "    </tr>\n",
       "    <tr>\n",
       "      <th>2</th>\n",
       "      <td>0.126698</td>\n",
       "      <td>0.556603</td>\n",
       "      <td>1.000000</td>\n",
       "      <td>0.778107</td>\n",
       "      <td>0.719382</td>\n",
       "      <td>0.706976</td>\n",
       "      <td>0.703058</td>\n",
       "      <td>0.696259</td>\n",
       "      <td>0.671291</td>\n",
       "      <td>0.640029</td>\n",
       "      <td>0.595053</td>\n",
       "      <td>0.486051</td>\n",
       "      <td>0.326467</td>\n",
       "      <td>0.181710</td>\n",
       "      <td>0.113958</td>\n",
       "      <td>0.062098</td>\n",
       "      <td>0.021892</td>\n",
       "      <td>NaN</td>\n",
       "    </tr>\n",
       "    <tr>\n",
       "      <th>3</th>\n",
       "      <td>0.124208</td>\n",
       "      <td>0.445083</td>\n",
       "      <td>0.778107</td>\n",
       "      <td>1.000000</td>\n",
       "      <td>0.887703</td>\n",
       "      <td>0.859127</td>\n",
       "      <td>0.852662</td>\n",
       "      <td>0.840121</td>\n",
       "      <td>0.805026</td>\n",
       "      <td>0.756398</td>\n",
       "      <td>0.709815</td>\n",
       "      <td>0.580106</td>\n",
       "      <td>0.373539</td>\n",
       "      <td>0.203042</td>\n",
       "      <td>0.126977</td>\n",
       "      <td>0.066844</td>\n",
       "      <td>0.021784</td>\n",
       "      <td>NaN</td>\n",
       "    </tr>\n",
       "    <tr>\n",
       "      <th>4</th>\n",
       "      <td>0.125315</td>\n",
       "      <td>0.416144</td>\n",
       "      <td>0.719382</td>\n",
       "      <td>0.887703</td>\n",
       "      <td>1.000000</td>\n",
       "      <td>0.933085</td>\n",
       "      <td>0.920183</td>\n",
       "      <td>0.900645</td>\n",
       "      <td>0.858316</td>\n",
       "      <td>0.804996</td>\n",
       "      <td>0.745848</td>\n",
       "      <td>0.613655</td>\n",
       "      <td>0.392026</td>\n",
       "      <td>0.210015</td>\n",
       "      <td>0.131798</td>\n",
       "      <td>0.068779</td>\n",
       "      <td>0.021908</td>\n",
       "      <td>NaN</td>\n",
       "    </tr>\n",
       "    <tr>\n",
       "      <th>5</th>\n",
       "      <td>0.127051</td>\n",
       "      <td>0.413999</td>\n",
       "      <td>0.706976</td>\n",
       "      <td>0.859127</td>\n",
       "      <td>0.933085</td>\n",
       "      <td>1.000000</td>\n",
       "      <td>0.953418</td>\n",
       "      <td>0.929413</td>\n",
       "      <td>0.875631</td>\n",
       "      <td>0.823997</td>\n",
       "      <td>0.758626</td>\n",
       "      <td>0.622867</td>\n",
       "      <td>0.398725</td>\n",
       "      <td>0.211472</td>\n",
       "      <td>0.132641</td>\n",
       "      <td>0.069131</td>\n",
       "      <td>0.021941</td>\n",
       "      <td>NaN</td>\n",
       "    </tr>\n",
       "    <tr>\n",
       "      <th>6</th>\n",
       "      <td>0.127378</td>\n",
       "      <td>0.408679</td>\n",
       "      <td>0.703058</td>\n",
       "      <td>0.852662</td>\n",
       "      <td>0.920183</td>\n",
       "      <td>0.953418</td>\n",
       "      <td>1.000000</td>\n",
       "      <td>0.935453</td>\n",
       "      <td>0.881965</td>\n",
       "      <td>0.826292</td>\n",
       "      <td>0.762536</td>\n",
       "      <td>0.625103</td>\n",
       "      <td>0.401039</td>\n",
       "      <td>0.211906</td>\n",
       "      <td>0.132748</td>\n",
       "      <td>0.069280</td>\n",
       "      <td>0.021943</td>\n",
       "      <td>NaN</td>\n",
       "    </tr>\n",
       "    <tr>\n",
       "      <th>7</th>\n",
       "      <td>0.129272</td>\n",
       "      <td>0.408963</td>\n",
       "      <td>0.696259</td>\n",
       "      <td>0.840121</td>\n",
       "      <td>0.900645</td>\n",
       "      <td>0.929413</td>\n",
       "      <td>0.935453</td>\n",
       "      <td>1.000000</td>\n",
       "      <td>0.901709</td>\n",
       "      <td>0.835752</td>\n",
       "      <td>0.761499</td>\n",
       "      <td>0.624792</td>\n",
       "      <td>0.402085</td>\n",
       "      <td>0.212349</td>\n",
       "      <td>0.132842</td>\n",
       "      <td>0.069350</td>\n",
       "      <td>0.021955</td>\n",
       "      <td>NaN</td>\n",
       "    </tr>\n",
       "    <tr>\n",
       "      <th>8</th>\n",
       "      <td>0.130251</td>\n",
       "      <td>0.397588</td>\n",
       "      <td>0.671291</td>\n",
       "      <td>0.805026</td>\n",
       "      <td>0.858316</td>\n",
       "      <td>0.875631</td>\n",
       "      <td>0.881965</td>\n",
       "      <td>0.901709</td>\n",
       "      <td>1.000000</td>\n",
       "      <td>0.873077</td>\n",
       "      <td>0.775394</td>\n",
       "      <td>0.628279</td>\n",
       "      <td>0.402393</td>\n",
       "      <td>0.212769</td>\n",
       "      <td>0.133077</td>\n",
       "      <td>0.069470</td>\n",
       "      <td>0.021993</td>\n",
       "      <td>NaN</td>\n",
       "    </tr>\n",
       "    <tr>\n",
       "      <th>9</th>\n",
       "      <td>0.130093</td>\n",
       "      <td>0.378089</td>\n",
       "      <td>0.640029</td>\n",
       "      <td>0.756398</td>\n",
       "      <td>0.804996</td>\n",
       "      <td>0.823997</td>\n",
       "      <td>0.826292</td>\n",
       "      <td>0.835752</td>\n",
       "      <td>0.873077</td>\n",
       "      <td>1.000000</td>\n",
       "      <td>0.820960</td>\n",
       "      <td>0.640905</td>\n",
       "      <td>0.404414</td>\n",
       "      <td>0.214298</td>\n",
       "      <td>0.134108</td>\n",
       "      <td>0.070011</td>\n",
       "      <td>0.022164</td>\n",
       "      <td>NaN</td>\n",
       "    </tr>\n",
       "    <tr>\n",
       "      <th>10</th>\n",
       "      <td>0.117204</td>\n",
       "      <td>0.344377</td>\n",
       "      <td>0.595053</td>\n",
       "      <td>0.709815</td>\n",
       "      <td>0.745848</td>\n",
       "      <td>0.758626</td>\n",
       "      <td>0.762536</td>\n",
       "      <td>0.761499</td>\n",
       "      <td>0.775394</td>\n",
       "      <td>0.820960</td>\n",
       "      <td>1.000000</td>\n",
       "      <td>0.717976</td>\n",
       "      <td>0.431675</td>\n",
       "      <td>0.228855</td>\n",
       "      <td>0.143089</td>\n",
       "      <td>0.074697</td>\n",
       "      <td>0.023648</td>\n",
       "      <td>NaN</td>\n",
       "    </tr>\n",
       "    <tr>\n",
       "      <th>11</th>\n",
       "      <td>0.069306</td>\n",
       "      <td>0.288095</td>\n",
       "      <td>0.486051</td>\n",
       "      <td>0.580106</td>\n",
       "      <td>0.613655</td>\n",
       "      <td>0.622867</td>\n",
       "      <td>0.625103</td>\n",
       "      <td>0.624792</td>\n",
       "      <td>0.628279</td>\n",
       "      <td>0.640905</td>\n",
       "      <td>0.717976</td>\n",
       "      <td>1.000000</td>\n",
       "      <td>0.572210</td>\n",
       "      <td>0.298912</td>\n",
       "      <td>0.186927</td>\n",
       "      <td>0.097552</td>\n",
       "      <td>0.030883</td>\n",
       "      <td>NaN</td>\n",
       "    </tr>\n",
       "    <tr>\n",
       "      <th>12</th>\n",
       "      <td>0.033604</td>\n",
       "      <td>0.205425</td>\n",
       "      <td>0.326467</td>\n",
       "      <td>0.373539</td>\n",
       "      <td>0.392026</td>\n",
       "      <td>0.398725</td>\n",
       "      <td>0.401039</td>\n",
       "      <td>0.402085</td>\n",
       "      <td>0.402393</td>\n",
       "      <td>0.404414</td>\n",
       "      <td>0.431675</td>\n",
       "      <td>0.572210</td>\n",
       "      <td>1.000000</td>\n",
       "      <td>0.515656</td>\n",
       "      <td>0.321721</td>\n",
       "      <td>0.168010</td>\n",
       "      <td>0.053189</td>\n",
       "      <td>NaN</td>\n",
       "    </tr>\n",
       "    <tr>\n",
       "      <th>13</th>\n",
       "      <td>-0.008080</td>\n",
       "      <td>0.118307</td>\n",
       "      <td>0.181710</td>\n",
       "      <td>0.203042</td>\n",
       "      <td>0.210015</td>\n",
       "      <td>0.211472</td>\n",
       "      <td>0.211906</td>\n",
       "      <td>0.212349</td>\n",
       "      <td>0.212769</td>\n",
       "      <td>0.214298</td>\n",
       "      <td>0.228855</td>\n",
       "      <td>0.298912</td>\n",
       "      <td>0.515656</td>\n",
       "      <td>1.000000</td>\n",
       "      <td>0.622550</td>\n",
       "      <td>0.324514</td>\n",
       "      <td>0.102795</td>\n",
       "      <td>NaN</td>\n",
       "    </tr>\n",
       "    <tr>\n",
       "      <th>14</th>\n",
       "      <td>-0.004919</td>\n",
       "      <td>0.078553</td>\n",
       "      <td>0.113958</td>\n",
       "      <td>0.126977</td>\n",
       "      <td>0.131798</td>\n",
       "      <td>0.132641</td>\n",
       "      <td>0.132748</td>\n",
       "      <td>0.132842</td>\n",
       "      <td>0.133077</td>\n",
       "      <td>0.134108</td>\n",
       "      <td>0.143089</td>\n",
       "      <td>0.186927</td>\n",
       "      <td>0.321721</td>\n",
       "      <td>0.622550</td>\n",
       "      <td>1.000000</td>\n",
       "      <td>0.521021</td>\n",
       "      <td>0.164922</td>\n",
       "      <td>NaN</td>\n",
       "    </tr>\n",
       "    <tr>\n",
       "      <th>15</th>\n",
       "      <td>0.003109</td>\n",
       "      <td>0.050879</td>\n",
       "      <td>0.062098</td>\n",
       "      <td>0.066844</td>\n",
       "      <td>0.068779</td>\n",
       "      <td>0.069131</td>\n",
       "      <td>0.069280</td>\n",
       "      <td>0.069350</td>\n",
       "      <td>0.069470</td>\n",
       "      <td>0.070011</td>\n",
       "      <td>0.074697</td>\n",
       "      <td>0.097552</td>\n",
       "      <td>0.168010</td>\n",
       "      <td>0.324514</td>\n",
       "      <td>0.521021</td>\n",
       "      <td>1.000000</td>\n",
       "      <td>0.316536</td>\n",
       "      <td>NaN</td>\n",
       "    </tr>\n",
       "    <tr>\n",
       "      <th>16</th>\n",
       "      <td>0.005585</td>\n",
       "      <td>0.020791</td>\n",
       "      <td>0.021892</td>\n",
       "      <td>0.021784</td>\n",
       "      <td>0.021908</td>\n",
       "      <td>0.021941</td>\n",
       "      <td>0.021943</td>\n",
       "      <td>0.021955</td>\n",
       "      <td>0.021993</td>\n",
       "      <td>0.022164</td>\n",
       "      <td>0.023648</td>\n",
       "      <td>0.030883</td>\n",
       "      <td>0.053189</td>\n",
       "      <td>0.102795</td>\n",
       "      <td>0.164922</td>\n",
       "      <td>0.316536</td>\n",
       "      <td>1.000000</td>\n",
       "      <td>NaN</td>\n",
       "    </tr>\n",
       "    <tr>\n",
       "      <th>17</th>\n",
       "      <td>NaN</td>\n",
       "      <td>NaN</td>\n",
       "      <td>NaN</td>\n",
       "      <td>NaN</td>\n",
       "      <td>NaN</td>\n",
       "      <td>NaN</td>\n",
       "      <td>NaN</td>\n",
       "      <td>NaN</td>\n",
       "      <td>NaN</td>\n",
       "      <td>NaN</td>\n",
       "      <td>NaN</td>\n",
       "      <td>NaN</td>\n",
       "      <td>NaN</td>\n",
       "      <td>NaN</td>\n",
       "      <td>NaN</td>\n",
       "      <td>NaN</td>\n",
       "      <td>NaN</td>\n",
       "      <td>1.0</td>\n",
       "    </tr>\n",
       "  </tbody>\n",
       "</table>\n",
       "</div>"
      ],
      "text/plain": [
       "s         0         1         2         3         4         5         6   \\\n",
       "s                                                                          \n",
       "0   1.000000  0.184046  0.126698  0.124208  0.125315  0.127051  0.127378   \n",
       "1   0.184046  1.000000  0.556603  0.445083  0.416144  0.413999  0.408679   \n",
       "2   0.126698  0.556603  1.000000  0.778107  0.719382  0.706976  0.703058   \n",
       "3   0.124208  0.445083  0.778107  1.000000  0.887703  0.859127  0.852662   \n",
       "4   0.125315  0.416144  0.719382  0.887703  1.000000  0.933085  0.920183   \n",
       "5   0.127051  0.413999  0.706976  0.859127  0.933085  1.000000  0.953418   \n",
       "6   0.127378  0.408679  0.703058  0.852662  0.920183  0.953418  1.000000   \n",
       "7   0.129272  0.408963  0.696259  0.840121  0.900645  0.929413  0.935453   \n",
       "8   0.130251  0.397588  0.671291  0.805026  0.858316  0.875631  0.881965   \n",
       "9   0.130093  0.378089  0.640029  0.756398  0.804996  0.823997  0.826292   \n",
       "10  0.117204  0.344377  0.595053  0.709815  0.745848  0.758626  0.762536   \n",
       "11  0.069306  0.288095  0.486051  0.580106  0.613655  0.622867  0.625103   \n",
       "12  0.033604  0.205425  0.326467  0.373539  0.392026  0.398725  0.401039   \n",
       "13 -0.008080  0.118307  0.181710  0.203042  0.210015  0.211472  0.211906   \n",
       "14 -0.004919  0.078553  0.113958  0.126977  0.131798  0.132641  0.132748   \n",
       "15  0.003109  0.050879  0.062098  0.066844  0.068779  0.069131  0.069280   \n",
       "16  0.005585  0.020791  0.021892  0.021784  0.021908  0.021941  0.021943   \n",
       "17       NaN       NaN       NaN       NaN       NaN       NaN       NaN   \n",
       "\n",
       "s         7         8         9         10        11        12        13  \\\n",
       "s                                                                          \n",
       "0   0.129272  0.130251  0.130093  0.117204  0.069306  0.033604 -0.008080   \n",
       "1   0.408963  0.397588  0.378089  0.344377  0.288095  0.205425  0.118307   \n",
       "2   0.696259  0.671291  0.640029  0.595053  0.486051  0.326467  0.181710   \n",
       "3   0.840121  0.805026  0.756398  0.709815  0.580106  0.373539  0.203042   \n",
       "4   0.900645  0.858316  0.804996  0.745848  0.613655  0.392026  0.210015   \n",
       "5   0.929413  0.875631  0.823997  0.758626  0.622867  0.398725  0.211472   \n",
       "6   0.935453  0.881965  0.826292  0.762536  0.625103  0.401039  0.211906   \n",
       "7   1.000000  0.901709  0.835752  0.761499  0.624792  0.402085  0.212349   \n",
       "8   0.901709  1.000000  0.873077  0.775394  0.628279  0.402393  0.212769   \n",
       "9   0.835752  0.873077  1.000000  0.820960  0.640905  0.404414  0.214298   \n",
       "10  0.761499  0.775394  0.820960  1.000000  0.717976  0.431675  0.228855   \n",
       "11  0.624792  0.628279  0.640905  0.717976  1.000000  0.572210  0.298912   \n",
       "12  0.402085  0.402393  0.404414  0.431675  0.572210  1.000000  0.515656   \n",
       "13  0.212349  0.212769  0.214298  0.228855  0.298912  0.515656  1.000000   \n",
       "14  0.132842  0.133077  0.134108  0.143089  0.186927  0.321721  0.622550   \n",
       "15  0.069350  0.069470  0.070011  0.074697  0.097552  0.168010  0.324514   \n",
       "16  0.021955  0.021993  0.022164  0.023648  0.030883  0.053189  0.102795   \n",
       "17       NaN       NaN       NaN       NaN       NaN       NaN       NaN   \n",
       "\n",
       "s         14        15        16   17  \n",
       "s                                      \n",
       "0  -0.004919  0.003109  0.005585  NaN  \n",
       "1   0.078553  0.050879  0.020791  NaN  \n",
       "2   0.113958  0.062098  0.021892  NaN  \n",
       "3   0.126977  0.066844  0.021784  NaN  \n",
       "4   0.131798  0.068779  0.021908  NaN  \n",
       "5   0.132641  0.069131  0.021941  NaN  \n",
       "6   0.132748  0.069280  0.021943  NaN  \n",
       "7   0.132842  0.069350  0.021955  NaN  \n",
       "8   0.133077  0.069470  0.021993  NaN  \n",
       "9   0.134108  0.070011  0.022164  NaN  \n",
       "10  0.143089  0.074697  0.023648  NaN  \n",
       "11  0.186927  0.097552  0.030883  NaN  \n",
       "12  0.321721  0.168010  0.053189  NaN  \n",
       "13  0.622550  0.324514  0.102795  NaN  \n",
       "14  1.000000  0.521021  0.164922  NaN  \n",
       "15  0.521021  1.000000  0.316536  NaN  \n",
       "16  0.164922  0.316536  1.000000  NaN  \n",
       "17       NaN       NaN       NaN  1.0  "
      ]
     },
     "execution_count": 7,
     "metadata": {},
     "output_type": "execute_result"
    }
   ],
   "source": [
    "df_corr_kendall = df_to_corr.corr(method='kendall')\n",
    "df_corr_kendall"
   ]
  },
  {
   "cell_type": "code",
   "execution_count": 8,
   "metadata": {},
   "outputs": [
    {
     "data": {
      "text/plain": [
       "<matplotlib.axes._subplots.AxesSubplot at 0x7f1849ada6a0>"
      ]
     },
     "execution_count": 8,
     "metadata": {},
     "output_type": "execute_result"
    },
    {
     "data": {
