{
 "cells": [
  {
   "cell_type": "markdown",
   "metadata": {},
   "source": [
    "# Kendal correlation between levels"
   ]
  },
  {
   "cell_type": "code",
   "execution_count": 1,
   "metadata": {},
   "outputs": [],
   "source": [
    "%matplotlib inline\n",
    "\n",
    "import matplotlib\n",
    "import numpy as np\n",
    "import matplotlib.pyplot as plt\n",
    "import pandas as pd\n",
    "import seaborn as sns"
   ]
  },
  {
   "cell_type": "markdown",
   "metadata": {},
   "source": [
    "## Misc functions"
   ]
  },
  {
   "cell_type": "code",
   "execution_count": 2,
   "metadata": {},
   "outputs": [],
   "source": [
    "def select_max_k(df):\n",
    "    df.groupby(['node','s'], sort=False)['k'].max()\n",
    "    idx = df.groupby(['node','s'])['k'].transform(max) == df['k']\n",
    "    df_k_max = df[idx][['node','number_influenced','s']]\n",
    "    return df_k_max\n",
    "\n",
    "def generate_pivot_df(df_k_max):\n",
    "    pivot_df = []\n",
    "\n",
    "    for n in df_k_max['node'].unique():\n",
    "        df_nodes = df_k_max.loc[df_k_max['node'] == n]\n",
    "        df_nodes = df_nodes.set_index('node', drop=True)\n",
    "        pivot_df.append(df_nodes.pivot_table(values='number_influenced',\n",
    "                                             index=df_nodes.index,\n",
    "                                             columns='s').reset_index(drop=True))\n",
    "    df_to_corr = pd.concat(pivot_df)\n",
    "    \n",
    "    return df_to_corr"
   ]
  },
  {
   "cell_type": "markdown",
   "metadata": {},
   "source": [
    "## Plurality"
   ]
  },
  {
   "cell_type": "code",
   "execution_count": 3,
   "metadata": {},
   "outputs": [
    {
     "data": {
      "text/html": [
       "<div>\n",
       "<style scoped>\n",
       "    .dataframe tbody tr th:only-of-type {\n",
       "        vertical-align: middle;\n",
       "    }\n",
       "\n",
       "    .dataframe tbody tr th {\n",
       "        vertical-align: top;\n",
       "    }\n",
       "\n",
       "    .dataframe thead th {\n",
       "        text-align: right;\n",
       "    }\n",
       "</style>\n",
       "<table border=\"1\" class=\"dataframe\">\n",
       "  <thead>\n",
       "    <tr style=\"text-align: right;\">\n",
       "      <th></th>\n",
       "      <th>k</th>\n",
       "      <th>node</th>\n",
       "      <th>number_influenced</th>\n",
       "      <th>s</th>\n",
       "    </tr>\n",
       "  </thead>\n",
       "  <tbody>\n",
       "    <tr>\n",
       "      <th>0</th>\n",
       "      <td>0</td>\n",
       "      <td>24587</td>\n",
       "      <td>1</td>\n",
       "      <td>0</td>\n",
       "    </tr>\n",
       "    <tr>\n",
       "      <th>1</th>\n",
       "      <td>0</td>\n",
       "      <td>24587</td>\n",
       "      <td>2</td>\n",
       "      <td>1</td>\n",
       "    </tr>\n",
       "    <tr>\n",
       "      <th>2</th>\n",
       "      <td>0</td>\n",
       "      <td>24587</td>\n",
       "      <td>26</td>\n",
       "      <td>2</td>\n",
       "    </tr>\n",
       "    <tr>\n",
       "      <th>3</th>\n",
       "      <td>1</td>\n",
       "      <td>24587</td>\n",
       "      <td>41</td>\n",
       "      <td>2</td>\n",
       "    </tr>\n",
       "    <tr>\n",
       "      <th>4</th>\n",
       "      <td>2</td>\n",
       "      <td>24587</td>\n",
       "      <td>42</td>\n",
       "      <td>2</td>\n",
       "    </tr>\n",
       "  </tbody>\n",
       "</table>\n",
       "</div>"
      ],
      "text/plain": [
       "   k   node  number_influenced  s\n",
       "0  0  24587                  1  0\n",
       "1  0  24587                  2  1\n",
       "2  0  24587                 26  2\n",
       "3  1  24587                 41  2\n",
       "4  2  24587                 42  2"
      ]
     },
     "execution_count": 3,
     "metadata": {},
     "output_type": "execute_result"
    }
   ],
   "source": [
    "df = pd.read_csv('parallel_merge_plurality.csv',\n",
    "                 names=['k','node','number_influenced','s'])\n",
    "df.head()"
   ]
  },
  {
   "cell_type": "code",
   "execution_count": 4,
   "metadata": {},
   "outputs": [
    {
     "data": {
      "text/html": [
       "<div>\n",
       "<style scoped>\n",
       "    .dataframe tbody tr th:only-of-type {\n",
       "        vertical-align: middle;\n",
       "    }\n",
       "\n",
       "    .dataframe tbody tr th {\n",
       "        vertical-align: top;\n",
       "    }\n",
       "\n",
       "    .dataframe thead th {\n",
       "        text-align: right;\n",
       "    }\n",
       "</style>\n",
       "<table border=\"1\" class=\"dataframe\">\n",
       "  <thead>\n",
       "    <tr style=\"text-align: right;\">\n",
       "      <th></th>\n",
       "      <th>node</th>\n",
       "      <th>number_influenced</th>\n",
       "      <th>s</th>\n",
       "    </tr>\n",
       "  </thead>\n",
       "  <tbody>\n",
       "    <tr>\n",
       "      <th>0</th>\n",
       "      <td>24587</td>\n",
       "      <td>1</td>\n",
       "      <td>0</td>\n",
       "    </tr>\n",
       "    <tr>\n",
       "      <th>1</th>\n",
       "      <td>24587</td>\n",
       "      <td>2</td>\n",
       "      <td>1</td>\n",
       "    </tr>\n",
       "    <tr>\n",
       "      <th>4</th>\n",
       "      <td>24587</td>\n",
       "      <td>42</td>\n",
       "      <td>2</td>\n",
       "    </tr>\n",
       "    <tr>\n",
       "      <th>7</th>\n",
       "      <td>24587</td>\n",
       "      <td>206</td>\n",
       "      <td>3</td>\n",
       "    </tr>\n",
       "    <tr>\n",
       "      <th>15</th>\n",
       "      <td>24587</td>\n",
       "      <td>1054</td>\n",
       "      <td>4</td>\n",
       "    </tr>\n",
       "  </tbody>\n",
       "</table>\n",
       "</div>"
      ],
      "text/plain": [
       "     node  number_influenced  s\n",
       "0   24587                  1  0\n",
       "1   24587                  2  1\n",
       "4   24587                 42  2\n",
       "7   24587                206  3\n",
       "15  24587               1054  4"
      ]
     },
     "execution_count": 4,
     "metadata": {},
     "output_type": "execute_result"
    }
   ],
   "source": [
    "df_k_max = select_max_k(df)\n",
    "df_k_max.head()"
   ]
  },
  {
   "cell_type": "code",
   "execution_count": 5,
   "metadata": {},
   "outputs": [
    {
     "data": {
      "text/html": [
       "<div>\n",
       "<style scoped>\n",
       "    .dataframe tbody tr th:only-of-type {\n",
       "        vertical-align: middle;\n",
       "    }\n",
       "\n",
       "    .dataframe tbody tr th {\n",
       "        vertical-align: top;\n",
       "    }\n",
       "\n",
       "    .dataframe thead th {\n",
       "        text-align: right;\n",
       "    }\n",
       "</style>\n",
       "<table border=\"1\" class=\"dataframe\">\n",
       "  <thead>\n",
       "    <tr style=\"text-align: right;\">\n",
       "      <th>s</th>\n",
       "      <th>0</th>\n",
       "      <th>1</th>\n",
       "      <th>2</th>\n",
       "      <th>3</th>\n",
       "      <th>4</th>\n",
       "      <th>5</th>\n",
       "      <th>6</th>\n",
       "      <th>7</th>\n",
       "      <th>8</th>\n",
       "      <th>9</th>\n",
       "      <th>10</th>\n",
       "      <th>11</th>\n",
       "      <th>12</th>\n",
       "      <th>13</th>\n",
       "      <th>14</th>\n",
       "      <th>15</th>\n",
       "      <th>16</th>\n",
       "      <th>17</th>\n",
       "    </tr>\n",
       "  </thead>\n",
       "  <tbody>\n",
       "    <tr>\n",
       "      <th>0</th>\n",
       "      <td>1</td>\n",
       "      <td>2</td>\n",
       "      <td>42</td>\n",
       "      <td>206</td>\n",
       "      <td>1054</td>\n",
       "      <td>2596</td>\n",
       "      <td>3632</td>\n",
       "      <td>4015</td>\n",
       "      <td>4116</td>\n",
       "      <td>4152</td>\n",
       "      <td>4158.0</td>\n",
       "      <td>4158.0</td>\n",
       "      <td>NaN</td>\n",
       "      <td>NaN</td>\n",
       "      <td>NaN</td>\n",
       "      <td>NaN</td>\n",
       "      <td>NaN</td>\n",
       "      <td>NaN</td>\n",
       "    </tr>\n",
       "    <tr>\n",
       "      <th>0</th>\n",
       "      <td>4</td>\n",
       "      <td>17</td>\n",
       "      <td>72</td>\n",
       "      <td>355</td>\n",
       "      <td>1515</td>\n",
       "      <td>3016</td>\n",
       "      <td>3772</td>\n",
       "      <td>4066</td>\n",
       "      <td>4142</td>\n",
       "      <td>4156</td>\n",
       "      <td>4158.0</td>\n",
       "      <td>4158.0</td>\n",
       "      <td>NaN</td>\n",
       "      <td>NaN</td>\n",
       "      <td>NaN</td>\n",
       "      <td>NaN</td>\n",
       "      <td>NaN</td>\n",
       "      <td>NaN</td>\n",
       "    </tr>\n",
       "    <tr>\n",
       "      <th>0</th>\n",
       "      <td>1</td>\n",
       "      <td>9</td>\n",
       "      <td>33</td>\n",
       "      <td>290</td>\n",
       "      <td>1306</td>\n",
       "      <td>2943</td>\n",
       "      <td>3783</td>\n",
       "      <td>4061</td>\n",
       "      <td>4128</td>\n",
       "      <td>4152</td>\n",
       "      <td>4158.0</td>\n",
       "      <td>4158.0</td>\n",
       "      <td>NaN</td>\n",
       "      <td>NaN</td>\n",
       "      <td>NaN</td>\n",
       "      <td>NaN</td>\n",
       "      <td>NaN</td>\n",
       "      <td>NaN</td>\n",
       "    </tr>\n",
       "    <tr>\n",
       "      <th>0</th>\n",
       "      <td>1</td>\n",
       "      <td>2</td>\n",
       "      <td>11</td>\n",
       "      <td>35</td>\n",
       "      <td>130</td>\n",
       "      <td>731</td>\n",
       "      <td>2136</td>\n",
       "      <td>3412</td>\n",
       "      <td>3970</td>\n",
       "      <td>4114</td>\n",
       "      <td>4145.0</td>\n",
       "      <td>4156.0</td>\n",
       "      <td>4158.0</td>\n",
       "      <td>NaN</td>\n",
       "      <td>NaN</td>\n",
       "      <td>NaN</td>\n",
       "      <td>NaN</td>\n",
       "      <td>NaN</td>\n",
       "    </tr>\n",
       "    <tr>\n",
       "      <th>0</th>\n",
       "      <td>2</td>\n",
       "      <td>11</td>\n",
       "      <td>32</td>\n",
       "      <td>64</td>\n",
       "      <td>221</td>\n",
       "      <td>957</td>\n",
       "      <td>2506</td>\n",
       "      <td>3560</td>\n",
       "      <td>3948</td>\n",
       "      <td>4079</td>\n",
       "      <td>4132.0</td>\n",
       "      <td>4156.0</td>\n",
       "      <td>4158.0</td>\n",
       "      <td>4158.0</td>\n",
       "      <td>NaN</td>\n",
       "      <td>NaN</td>\n",
       "      <td>NaN</td>\n",
       "      <td>NaN</td>\n",
       "    </tr>\n",
       "  </tbody>\n",
       "</table>\n",
       "</div>"
      ],
      "text/plain": [
       "s  0   1   2    3     4     5     6     7     8     9       10      11  \\\n",
       "0   1   2  42  206  1054  2596  3632  4015  4116  4152  4158.0  4158.0   \n",
       "0   4  17  72  355  1515  3016  3772  4066  4142  4156  4158.0  4158.0   \n",
       "0   1   9  33  290  1306  2943  3783  4061  4128  4152  4158.0  4158.0   \n",
       "0   1   2  11   35   130   731  2136  3412  3970  4114  4145.0  4156.0   \n",
       "0   2  11  32   64   221   957  2506  3560  3948  4079  4132.0  4156.0   \n",
       "\n",
       "s      12      13  14  15  16  17  \n",
       "0     NaN     NaN NaN NaN NaN NaN  \n",
       "0     NaN     NaN NaN NaN NaN NaN  \n",
       "0     NaN     NaN NaN NaN NaN NaN  \n",
       "0  4158.0     NaN NaN NaN NaN NaN  \n",
       "0  4158.0  4158.0 NaN NaN NaN NaN  "
      ]
     },
     "execution_count": 5,
     "metadata": {},
     "output_type": "execute_result"
    }
   ],
   "source": [
    "df_to_corr = generate_pivot_df(df_k_max)\n",
    "df_to_corr.head()"
   ]
  },
  {
   "cell_type": "code",
   "execution_count": 6,
   "metadata": {},
   "outputs": [
    {
     "data": {
      "text/html": [
       "<div>\n",
       "<style scoped>\n",
       "    .dataframe tbody tr th:only-of-type {\n",
       "        vertical-align: middle;\n",
       "    }\n",
       "\n",
       "    .dataframe tbody tr th {\n",
       "        vertical-align: top;\n",
       "    }\n",
       "\n",
       "    .dataframe thead th {\n",
       "        text-align: right;\n",
       "    }\n",
       "</style>\n",
       "<table border=\"1\" class=\"dataframe\">\n",
       "  <thead>\n",
       "    <tr style=\"text-align: right;\">\n",
       "      <th>s</th>\n",
       "      <th>0</th>\n",
       "      <th>1</th>\n",
       "      <th>2</th>\n",
       "      <th>3</th>\n",
       "      <th>4</th>\n",
       "      <th>5</th>\n",
       "      <th>6</th>\n",
       "      <th>7</th>\n",
       "      <th>8</th>\n",
       "      <th>9</th>\n",
       "      <th>10</th>\n",
       "      <th>11</th>\n",
       "      <th>12</th>\n",
       "      <th>13</th>\n",
       "      <th>14</th>\n",
       "      <th>15</th>\n",
       "      <th>16</th>\n",
       "      <th>17</th>\n",
       "    </tr>\n",
       "    <tr>\n",
       "      <th>s</th>\n",
       "      <th></th>\n",
       "      <th></th>\n",
       "      <th></th>\n",
       "      <th></th>\n",
       "      <th></th>\n",
       "      <th></th>\n",
       "      <th></th>\n",
       "      <th></th>\n",
       "      <th></th>\n",
       "      <th></th>\n",
       "      <th></th>\n",
       "      <th></th>\n",
       "      <th></th>\n",
       "      <th></th>\n",
       "      <th></th>\n",
       "      <th></th>\n",
       "      <th></th>\n",
       "      <th></th>\n",
       "    </tr>\n",
       "  </thead>\n",
       "  <tbody>\n",
       "    <tr>\n",
       "      <th>0</th>\n",
       "      <td>1.000000</td>\n",
       "      <td>0.184046</td>\n",
       "      <td>0.126698</td>\n",
       "      <td>0.124208</td>\n",
       "      <td>0.125315</td>\n",
       "      <td>0.127051</td>\n",
       "      <td>0.127378</td>\n",
       "      <td>0.129272</td>\n",
       "      <td>0.130251</td>\n",
       "      <td>0.130093</td>\n",
       "      <td>0.113580</td>\n",
       "      <td>0.042487</td>\n",
       "      <td>-0.005362</td>\n",
       "      <td>-0.059455</td>\n",
       "      <td>-0.065416</td>\n",
       "      <td>0.049306</td>\n",
       "      <td>0.074484</td>\n",
       "      <td>NaN</td>\n",
       "    </tr>\n",
       "    <tr>\n",
       "      <th>1</th>\n",
       "      <td>0.184046</td>\n",
       "      <td>1.000000</td>\n",
       "      <td>0.556603</td>\n",
       "      <td>0.445083</td>\n",
       "      <td>0.416144</td>\n",
       "      <td>0.413999</td>\n",
       "      <td>0.408679</td>\n",
       "      <td>0.408963</td>\n",
       "      <td>0.397588</td>\n",
       "      <td>0.378089</td>\n",
       "      <td>0.341872</td>\n",
       "      <td>0.254516</td>\n",
       "      <td>0.185097</td>\n",
       "      <td>0.087690</td>\n",
       "      <td>0.026824</td>\n",
       "      <td>0.236300</td>\n",
       "      <td>0.241656</td>\n",
       "      <td>NaN</td>\n",
       "    </tr>\n",
       "    <tr>\n",
       "      <th>2</th>\n",
       "      <td>0.126698</td>\n",
       "      <td>0.556603</td>\n",
       "      <td>1.000000</td>\n",
       "      <td>0.778107</td>\n",
       "      <td>0.719382</td>\n",
       "      <td>0.706976</td>\n",
       "      <td>0.703058</td>\n",
       "      <td>0.696259</td>\n",
       "      <td>0.671291</td>\n",
       "      <td>0.640029</td>\n",
       "      <td>0.593677</td>\n",
       "      <td>0.473384</td>\n",
       "      <td>0.347591</td>\n",
       "      <td>0.214673</td>\n",
       "      <td>0.083987</td>\n",
       "      <td>0.191242</td>\n",
       "      <td>0.278115</td>\n",
       "      <td>NaN</td>\n",
       "    </tr>\n",
       "    <tr>\n",
       "      <th>3</th>\n",
       "      <td>0.124208</td>\n",
       "      <td>0.445083</td>\n",
       "      <td>0.778107</td>\n",
       "      <td>1.000000</td>\n",
       "      <td>0.887703</td>\n",
       "      <td>0.859127</td>\n",
       "      <td>0.852662</td>\n",
       "      <td>0.840121</td>\n",
       "      <td>0.805026</td>\n",
       "      <td>0.756398</td>\n",
       "      <td>0.709100</td>\n",
       "      <td>0.584225</td>\n",
       "      <td>0.449283</td>\n",
       "      <td>0.354117</td>\n",
       "      <td>0.197575</td>\n",
       "      <td>0.273383</td>\n",
       "      <td>0.244542</td>\n",
       "      <td>NaN</td>\n",
       "    </tr>\n",
       "    <tr>\n",
       "      <th>4</th>\n",
       "      <td>0.125315</td>\n",
       "      <td>0.416144</td>\n",
       "      <td>0.719382</td>\n",
       "      <td>0.887703</td>\n",
       "      <td>1.000000</td>\n",
       "      <td>0.933085</td>\n",
       "      <td>0.920183</td>\n",
       "      <td>0.900645</td>\n",
       "      <td>0.858316</td>\n",
       "      <td>0.804996</td>\n",
       "      <td>0.745339</td>\n",
       "      <td>0.624748</td>\n",
       "      <td>0.496260</td>\n",
       "      <td>0.436204</td>\n",
       "      <td>0.445194</td>\n",
       "      <td>0.318682</td>\n",
       "      <td>0.238384</td>\n",
       "      <td>NaN</td>\n",
       "    </tr>\n",
       "    <tr>\n",
       "      <th>5</th>\n",
       "      <td>0.127051</td>\n",
       "      <td>0.413999</td>\n",
       "      <td>0.706976</td>\n",
       "      <td>0.859127</td>\n",
       "      <td>0.933085</td>\n",
       "      <td>1.000000</td>\n",
       "      <td>0.953418</td>\n",
       "      <td>0.929413</td>\n",
       "      <td>0.875631</td>\n",
       "      <td>0.823997</td>\n",
       "      <td>0.758191</td>\n",
       "      <td>0.635928</td>\n",
       "      <td>0.513725</td>\n",
       "      <td>0.453257</td>\n",
       "      <td>0.524562</td>\n",
       "      <td>0.424791</td>\n",
       "      <td>0.278115</td>\n",
       "      <td>NaN</td>\n",
       "    </tr>\n",
       "    <tr>\n",
       "      <th>6</th>\n",
       "      <td>0.127378</td>\n",
       "      <td>0.408679</td>\n",
       "      <td>0.703058</td>\n",
       "      <td>0.852662</td>\n",
       "      <td>0.920183</td>\n",
       "      <td>0.953418</td>\n",
       "      <td>1.000000</td>\n",
       "      <td>0.935453</td>\n",
       "      <td>0.881965</td>\n",
       "      <td>0.826292</td>\n",
       "      <td>0.762119</td>\n",
       "      <td>0.638645</td>\n",
       "      <td>0.519672</td>\n",
       "      <td>0.458390</td>\n",
       "      <td>0.531697</td>\n",
       "      <td>0.501302</td>\n",
       "      <td>0.279275</td>\n",
       "      <td>NaN</td>\n",
       "    </tr>\n",
       "    <tr>\n",
       "      <th>7</th>\n",
       "      <td>0.129272</td>\n",
       "      <td>0.408963</td>\n",
       "      <td>0.696259</td>\n",
       "      <td>0.840121</td>\n",
       "      <td>0.900645</td>\n",
       "      <td>0.929413</td>\n",
       "      <td>0.935453</td>\n",
       "      <td>1.000000</td>\n",
       "      <td>0.901709</td>\n",
       "      <td>0.835752</td>\n",
       "      <td>0.761067</td>\n",
       "      <td>0.638231</td>\n",
       "      <td>0.522075</td>\n",
       "      <td>0.462639</td>\n",
       "      <td>0.533690</td>\n",
       "      <td>0.519012</td>\n",
       "      <td>0.276970</td>\n",
       "      <td>NaN</td>\n",
       "    </tr>\n",
       "    <tr>\n",
       "      <th>8</th>\n",
       "      <td>0.130251</td>\n",
       "      <td>0.397588</td>\n",
       "      <td>0.671291</td>\n",
       "      <td>0.805026</td>\n",
       "      <td>0.858316</td>\n",
       "      <td>0.875631</td>\n",
       "      <td>0.881965</td>\n",
       "      <td>0.901709</td>\n",
       "      <td>1.000000</td>\n",
       "      <td>0.873077</td>\n",
       "      <td>0.775033</td>\n",
       "      <td>0.642021</td>\n",
       "      <td>0.521549</td>\n",
       "      <td>0.463532</td>\n",
       "      <td>0.534416</td>\n",
       "      <td>0.519012</td>\n",
       "      <td>0.276970</td>\n",
       "      <td>NaN</td>\n",
       "    </tr>\n",
       "    <tr>\n",
       "      <th>9</th>\n",
       "      <td>0.130093</td>\n",
       "      <td>0.378089</td>\n",
       "      <td>0.640029</td>\n",
       "      <td>0.756398</td>\n",
       "      <td>0.804996</td>\n",
       "      <td>0.823997</td>\n",
       "      <td>0.826292</td>\n",
       "      <td>0.835752</td>\n",
       "      <td>0.873077</td>\n",
       "      <td>1.000000</td>\n",
       "      <td>0.820790</td>\n",
       "      <td>0.655143</td>\n",
       "      <td>0.520184</td>\n",
       "      <td>0.462407</td>\n",
       "      <td>0.533905</td>\n",
       "      <td>0.519012</td>\n",
       "      <td>0.276970</td>\n",
       "      <td>NaN</td>\n",
       "    </tr>\n",
       "    <tr>\n",
       "      <th>10</th>\n",
       "      <td>0.113580</td>\n",
       "      <td>0.341872</td>\n",
       "      <td>0.593677</td>\n",
       "      <td>0.709100</td>\n",
       "      <td>0.745339</td>\n",
       "      <td>0.758191</td>\n",
       "      <td>0.762119</td>\n",
       "      <td>0.761067</td>\n",
       "      <td>0.775033</td>\n",
       "      <td>0.820790</td>\n",
       "      <td>1.000000</td>\n",
       "      <td>0.729254</td>\n",
       "      <td>0.531756</td>\n",
       "      <td>0.467654</td>\n",
       "      <td>0.535135</td>\n",
       "      <td>0.520524</td>\n",
       "      <td>0.276970</td>\n",
       "      <td>NaN</td>\n",
       "    </tr>\n",
       "    <tr>\n",
       "      <th>11</th>\n",
       "      <td>0.042487</td>\n",
       "      <td>0.254516</td>\n",
       "      <td>0.473384</td>\n",
       "      <td>0.584225</td>\n",
       "      <td>0.624748</td>\n",
       "      <td>0.635928</td>\n",
       "      <td>0.638645</td>\n",
       "      <td>0.638231</td>\n",
       "      <td>0.642021</td>\n",
       "      <td>0.655143</td>\n",
       "      <td>0.729254</td>\n",
       "      <td>1.000000</td>\n",
       "      <td>0.621392</td>\n",
       "      <td>0.490352</td>\n",
       "      <td>0.544939</td>\n",
       "      <td>0.521922</td>\n",
       "      <td>0.276970</td>\n",
       "      <td>NaN</td>\n",
       "    </tr>\n",
       "    <tr>\n",
       "      <th>12</th>\n",
       "      <td>-0.005362</td>\n",
       "      <td>0.185097</td>\n",
       "      <td>0.347591</td>\n",
       "      <td>0.449283</td>\n",
       "      <td>0.496260</td>\n",
       "      <td>0.513725</td>\n",
       "      <td>0.519672</td>\n",
       "      <td>0.522075</td>\n",
       "      <td>0.521549</td>\n",
       "      <td>0.520184</td>\n",
       "      <td>0.531756</td>\n",
       "      <td>0.621392</td>\n",
       "      <td>1.000000</td>\n",
       "      <td>0.577720</td>\n",
       "      <td>0.563259</td>\n",
       "      <td>0.520397</td>\n",
       "      <td>0.276970</td>\n",
       "      <td>NaN</td>\n",
       "    </tr>\n",
       "    <tr>\n",
       "      <th>13</th>\n",
       "      <td>-0.059455</td>\n",
       "      <td>0.087690</td>\n",
       "      <td>0.214673</td>\n",
       "      <td>0.354117</td>\n",
       "      <td>0.436204</td>\n",
       "      <td>0.453257</td>\n",
       "      <td>0.458390</td>\n",
       "      <td>0.462639</td>\n",
       "      <td>0.463532</td>\n",
       "      <td>0.462407</td>\n",
       "      <td>0.467654</td>\n",
       "      <td>0.490352</td>\n",
       "      <td>0.577720</td>\n",
       "      <td>1.000000</td>\n",
       "      <td>0.667663</td>\n",
       "      <td>0.514611</td>\n",
       "      <td>0.276970</td>\n",
       "      <td>NaN</td>\n",
       "    </tr>\n",
       "    <tr>\n",
       "      <th>14</th>\n",
       "      <td>-0.065416</td>\n",
       "      <td>0.026824</td>\n",
       "      <td>0.083987</td>\n",
       "      <td>0.197575</td>\n",
       "      <td>0.445194</td>\n",
       "      <td>0.524562</td>\n",
       "      <td>0.531697</td>\n",
       "      <td>0.533690</td>\n",
       "      <td>0.534416</td>\n",
       "      <td>0.533905</td>\n",
       "      <td>0.535135</td>\n",
       "      <td>0.544939</td>\n",
       "      <td>0.563259</td>\n",
       "      <td>0.667663</td>\n",
       "      <td>1.000000</td>\n",
       "      <td>0.630574</td>\n",
       "      <td>0.326910</td>\n",
       "      <td>NaN</td>\n",
       "    </tr>\n",
       "    <tr>\n",
       "      <th>15</th>\n",
       "      <td>0.049306</td>\n",
       "      <td>0.236300</td>\n",
       "      <td>0.191242</td>\n",
       "      <td>0.273383</td>\n",
       "      <td>0.318682</td>\n",
       "      <td>0.424791</td>\n",
       "      <td>0.501302</td>\n",
       "      <td>0.519012</td>\n",
       "      <td>0.519012</td>\n",
       "      <td>0.519012</td>\n",
       "      <td>0.520524</td>\n",
       "      <td>0.521922</td>\n",
       "      <td>0.520397</td>\n",
       "      <td>0.514611</td>\n",
       "      <td>0.630574</td>\n",
       "      <td>1.000000</td>\n",
       "      <td>0.375105</td>\n",
       "      <td>NaN</td>\n",
       "    </tr>\n",
       "    <tr>\n",
       "      <th>16</th>\n",
       "      <td>0.074484</td>\n",
       "      <td>0.241656</td>\n",
       "      <td>0.278115</td>\n",
       "      <td>0.244542</td>\n",
       "      <td>0.238384</td>\n",
       "      <td>0.278115</td>\n",
       "      <td>0.279275</td>\n",
       "      <td>0.276970</td>\n",
       "      <td>0.276970</td>\n",
       "      <td>0.276970</td>\n",
       "      <td>0.276970</td>\n",
       "      <td>0.276970</td>\n",
       "      <td>0.276970</td>\n",
       "      <td>0.276970</td>\n",
       "      <td>0.326910</td>\n",
       "      <td>0.375105</td>\n",
       "      <td>1.000000</td>\n",
       "      <td>NaN</td>\n",
       "    </tr>\n",
       "    <tr>\n",
       "      <th>17</th>\n",
       "      <td>NaN</td>\n",
       "      <td>NaN</td>\n",
       "      <td>NaN</td>\n",
       "      <td>NaN</td>\n",
       "      <td>NaN</td>\n",
       "      <td>NaN</td>\n",
       "      <td>NaN</td>\n",
       "      <td>NaN</td>\n",
       "      <td>NaN</td>\n",
       "      <td>NaN</td>\n",
       "      <td>NaN</td>\n",
       "      <td>NaN</td>\n",
       "      <td>NaN</td>\n",
       "      <td>NaN</td>\n",
       "      <td>NaN</td>\n",
       "      <td>NaN</td>\n",
       "      <td>NaN</td>\n",
       "      <td>1.0</td>\n",
       "    </tr>\n",
       "  </tbody>\n",
       "</table>\n",
       "</div>"
      ],
      "text/plain": [
       "s         0         1         2         3         4         5         6   \\\n",
       "s                                                                          \n",
       "0   1.000000  0.184046  0.126698  0.124208  0.125315  0.127051  0.127378   \n",
       "1   0.184046  1.000000  0.556603  0.445083  0.416144  0.413999  0.408679   \n",
       "2   0.126698  0.556603  1.000000  0.778107  0.719382  0.706976  0.703058   \n",
       "3   0.124208  0.445083  0.778107  1.000000  0.887703  0.859127  0.852662   \n",
       "4   0.125315  0.416144  0.719382  0.887703  1.000000  0.933085  0.920183   \n",
       "5   0.127051  0.413999  0.706976  0.859127  0.933085  1.000000  0.953418   \n",
       "6   0.127378  0.408679  0.703058  0.852662  0.920183  0.953418  1.000000   \n",
       "7   0.129272  0.408963  0.696259  0.840121  0.900645  0.929413  0.935453   \n",
       "8   0.130251  0.397588  0.671291  0.805026  0.858316  0.875631  0.881965   \n",
       "9   0.130093  0.378089  0.640029  0.756398  0.804996  0.823997  0.826292   \n",
       "10  0.113580  0.341872  0.593677  0.709100  0.745339  0.758191  0.762119   \n",
       "11  0.042487  0.254516  0.473384  0.584225  0.624748  0.635928  0.638645   \n",
       "12 -0.005362  0.185097  0.347591  0.449283  0.496260  0.513725  0.519672   \n",
       "13 -0.059455  0.087690  0.214673  0.354117  0.436204  0.453257  0.458390   \n",
       "14 -0.065416  0.026824  0.083987  0.197575  0.445194  0.524562  0.531697   \n",
       "15  0.049306  0.236300  0.191242  0.273383  0.318682  0.424791  0.501302   \n",
       "16  0.074484  0.241656  0.278115  0.244542  0.238384  0.278115  0.279275   \n",
       "17       NaN       NaN       NaN       NaN       NaN       NaN       NaN   \n",
       "\n",
       "s         7         8         9         10        11        12        13  \\\n",
       "s                                                                          \n",
       "0   0.129272  0.130251  0.130093  0.113580  0.042487 -0.005362 -0.059455   \n",
       "1   0.408963  0.397588  0.378089  0.341872  0.254516  0.185097  0.087690   \n",
       "2   0.696259  0.671291  0.640029  0.593677  0.473384  0.347591  0.214673   \n",
       "3   0.840121  0.805026  0.756398  0.709100  0.584225  0.449283  0.354117   \n",
       "4   0.900645  0.858316  0.804996  0.745339  0.624748  0.496260  0.436204   \n",
       "5   0.929413  0.875631  0.823997  0.758191  0.635928  0.513725  0.453257   \n",
       "6   0.935453  0.881965  0.826292  0.762119  0.638645  0.519672  0.458390   \n",
       "7   1.000000  0.901709  0.835752  0.761067  0.638231  0.522075  0.462639   \n",
       "8   0.901709  1.000000  0.873077  0.775033  0.642021  0.521549  0.463532   \n",
       "9   0.835752  0.873077  1.000000  0.820790  0.655143  0.520184  0.462407   \n",
       "10  0.761067  0.775033  0.820790  1.000000  0.729254  0.531756  0.467654   \n",
       "11  0.638231  0.642021  0.655143  0.729254  1.000000  0.621392  0.490352   \n",
       "12  0.522075  0.521549  0.520184  0.531756  0.621392  1.000000  0.577720   \n",
       "13  0.462639  0.463532  0.462407  0.467654  0.490352  0.577720  1.000000   \n",
       "14  0.533690  0.534416  0.533905  0.535135  0.544939  0.563259  0.667663   \n",
       "15  0.519012  0.519012  0.519012  0.520524  0.521922  0.520397  0.514611   \n",
       "16  0.276970  0.276970  0.276970  0.276970  0.276970  0.276970  0.276970   \n",
       "17       NaN       NaN       NaN       NaN       NaN       NaN       NaN   \n",
       "\n",
       "s         14        15        16   17  \n",
       "s                                      \n",
       "0  -0.065416  0.049306  0.074484  NaN  \n",
       "1   0.026824  0.236300  0.241656  NaN  \n",
       "2   0.083987  0.191242  0.278115  NaN  \n",
       "3   0.197575  0.273383  0.244542  NaN  \n",
       "4   0.445194  0.318682  0.238384  NaN  \n",
       "5   0.524562  0.424791  0.278115  NaN  \n",
       "6   0.531697  0.501302  0.279275  NaN  \n",
       "7   0.533690  0.519012  0.276970  NaN  \n",
       "8   0.534416  0.519012  0.276970  NaN  \n",
       "9   0.533905  0.519012  0.276970  NaN  \n",
       "10  0.535135  0.520524  0.276970  NaN  \n",
       "11  0.544939  0.521922  0.276970  NaN  \n",
       "12  0.563259  0.520397  0.276970  NaN  \n",
       "13  0.667663  0.514611  0.276970  NaN  \n",
       "14  1.000000  0.630574  0.326910  NaN  \n",
       "15  0.630574  1.000000  0.375105  NaN  \n",
       "16  0.326910  0.375105  1.000000  NaN  \n",
       "17       NaN       NaN       NaN  1.0  "
      ]
     },
     "execution_count": 6,
     "metadata": {},
     "output_type": "execute_result"
    }
   ],
   "source": [
    "df_corr_kendall = df_to_corr.corr(method='kendall')\n",
    "df_corr_kendall"
   ]
  },
  {
   "cell_type": "code",
   "execution_count": 7,
   "metadata": {},
   "outputs": [
    {
     "data": {
      "text/plain": [
       "<matplotlib.axes._subplots.AxesSubplot at 0x7f067d000a58>"
      ]
     },
     "execution_count": 7,
     "metadata": {},
     "output_type": "execute_result"
    },
    {
     "data": {
