{
 "cells": [
  {
   "cell_type": "markdown",
   "metadata": {},
   "source": [
    "# Kendal correlation between levels"
   ]
  },
  {
   "cell_type": "code",
   "execution_count": 1,
   "metadata": {},
   "outputs": [],
   "source": [
    "%matplotlib inline\n",
    "\n",
    "import matplotlib\n",
    "import numpy as np\n",
    "import matplotlib.pyplot as plt\n",
    "import pandas as pd\n",
    "import seaborn as sns"
   ]
  },
  {
   "cell_type": "markdown",
   "metadata": {},
   "source": [
    "## Misc functions"
   ]
  },
  {
   "cell_type": "code",
   "execution_count": 2,
   "metadata": {},
   "outputs": [],
   "source": [
    "MAX_V_VALUE = 18470\n",
    "\n",
    "def select_max_k(df):\n",
    "    df.groupby(['node','s'], sort=False)['k'].max()\n",
    "    idx = df.groupby(['node','s'])['k'].transform(max) == df['k']\n",
    "    df_k_max = df[idx][['node','number_influenced','s']]\n",
    "    return df_k_max\n",
    "\n",
    "def generate_pivot_df(df_k_max):\n",
    "    pivot_df = []\n",
    "\n",
    "    for n in df_k_max['node'].unique():\n",
    "        df_nodes = df_k_max.loc[df_k_max['node'] == n]\n",
    "        df_nodes = df_nodes.set_index('node', drop=True)\n",
    "        pivot_df.append(df_nodes.pivot_table(values='number_influenced',\n",
    "                                             index=df_nodes.index,\n",
    "                                             columns='s').reset_index(drop=True))\n",
    "    df_to_corr = pd.concat(pivot_df)\n",
    "    \n",
    "    return df_to_corr"
   ]
  },
  {
   "cell_type": "markdown",
   "metadata": {},
   "source": [
    "## Plurality"
   ]
  },
  {
   "cell_type": "code",
   "execution_count": 3,
   "metadata": {},
   "outputs": [
    {
     "data": {
      "text/html": [
       "<div>\n",
       "<style scoped>\n",
       "    .dataframe tbody tr th:only-of-type {\n",
       "        vertical-align: middle;\n",
       "    }\n",
       "\n",
       "    .dataframe tbody tr th {\n",
       "        vertical-align: top;\n",
       "    }\n",
       "\n",
       "    .dataframe thead th {\n",
       "        text-align: right;\n",
       "    }\n",
       "</style>\n",
       "<table border=\"1\" class=\"dataframe\">\n",
       "  <thead>\n",
       "    <tr style=\"text-align: right;\">\n",
       "      <th></th>\n",
       "      <th>k</th>\n",
       "      <th>node</th>\n",
       "      <th>number_influenced</th>\n",
       "      <th>s</th>\n",
       "    </tr>\n",
       "  </thead>\n",
       "  <tbody>\n",
       "    <tr>\n",
       "      <th>0</th>\n",
       "      <td>0</td>\n",
       "      <td>9</td>\n",
       "      <td>1</td>\n",
       "      <td>0</td>\n",
       "    </tr>\n",
       "    <tr>\n",
       "      <th>1</th>\n",
       "      <td>0</td>\n",
       "      <td>9</td>\n",
       "      <td>8</td>\n",
       "      <td>1</td>\n",
       "    </tr>\n",
       "    <tr>\n",
       "      <th>2</th>\n",
       "      <td>1</td>\n",
       "      <td>9</td>\n",
       "      <td>40</td>\n",
       "      <td>1</td>\n",
       "    </tr>\n",
       "    <tr>\n",
       "      <th>3</th>\n",
       "      <td>2</td>\n",
       "      <td>9</td>\n",
       "      <td>65</td>\n",
       "      <td>1</td>\n",
       "    </tr>\n",
       "    <tr>\n",
       "      <th>4</th>\n",
       "      <td>0</td>\n",
       "      <td>9</td>\n",
       "      <td>282</td>\n",
       "      <td>2</td>\n",
       "    </tr>\n",
       "  </tbody>\n",
       "</table>\n",
       "</div>"
      ],
      "text/plain": [
       "   k  node  number_influenced  s\n",
       "0  0     9                  1  0\n",
       "1  0     9                  8  1\n",
       "2  1     9                 40  1\n",
       "3  2     9                 65  1\n",
       "4  0     9                282  2"
      ]
     },
     "execution_count": 3,
     "metadata": {},
     "output_type": "execute_result"
    }
   ],
   "source": [
    "df = pd.read_csv('parallel_merge_plurality.csv',\n",
    "                 names=['k','node','number_influenced','s'])\n",
    "df.head()"
   ]
  },
  {
   "cell_type": "code",
   "execution_count": 4,
   "metadata": {},
   "outputs": [
    {
     "data": {
      "text/html": [
       "<div>\n",
       "<style scoped>\n",
       "    .dataframe tbody tr th:only-of-type {\n",
       "        vertical-align: middle;\n",
       "    }\n",
       "\n",
       "    .dataframe tbody tr th {\n",
       "        vertical-align: top;\n",
       "    }\n",
       "\n",
       "    .dataframe thead th {\n",
       "        text-align: right;\n",
       "    }\n",
       "</style>\n",
       "<table border=\"1\" class=\"dataframe\">\n",
       "  <thead>\n",
       "    <tr style=\"text-align: right;\">\n",
       "      <th></th>\n",
       "      <th>node</th>\n",
       "      <th>number_influenced</th>\n",
       "      <th>s</th>\n",
       "    </tr>\n",
       "  </thead>\n",
       "  <tbody>\n",
       "    <tr>\n",
       "      <th>0</th>\n",
       "      <td>9</td>\n",
       "      <td>1</td>\n",
       "      <td>0</td>\n",
       "    </tr>\n",
       "    <tr>\n",
       "      <th>3</th>\n",
       "      <td>9</td>\n",
       "      <td>65</td>\n",
       "      <td>1</td>\n",
       "    </tr>\n",
       "    <tr>\n",
       "      <th>6</th>\n",
       "      <td>9</td>\n",
       "      <td>508</td>\n",
       "      <td>2</td>\n",
       "    </tr>\n",
       "    <tr>\n",
       "      <th>13</th>\n",
       "      <td>9</td>\n",
       "      <td>6838</td>\n",
       "      <td>3</td>\n",
       "    </tr>\n",
       "    <tr>\n",
       "      <th>17</th>\n",
       "      <td>9</td>\n",
       "      <td>13230</td>\n",
       "      <td>4</td>\n",
       "    </tr>\n",
       "  </tbody>\n",
       "</table>\n",
       "</div>"
      ],
      "text/plain": [
       "    node  number_influenced  s\n",
       "0      9                  1  0\n",
       "3      9                 65  1\n",
       "6      9                508  2\n",
       "13     9               6838  3\n",
       "17     9              13230  4"
      ]
     },
     "execution_count": 4,
     "metadata": {},
     "output_type": "execute_result"
    }
   ],
   "source": [
    "df_k_max = select_max_k(df)\n",
    "df_k_max.head()"
   ]
  },
  {
   "cell_type": "code",
   "execution_count": 5,
   "metadata": {},
   "outputs": [],
   "source": [
    "level_dummy_df = []\n",
    "\n",
    "for l in range(18):\n",
    "    level_dummy_df.append({'s':l})\n",
    "\n",
    "df_levels = pd.DataFrame(level_dummy_df)\n",
    "\n",
    "list_to_contact_df = []\n",
    "\n",
    "for n in df_k_max['node'].unique():    \n",
    "    df_sub_to_fill = df_k_max.loc[df_k_max['node'] == n]\n",
    "    df_sub_w_lvls = pd.merge(df_sub_to_fill, df_levels, how='outer', on=['s'])\n",
    "    df_sub_w_lvls['node'] = df_sub_w_lvls['node'].fillna(n)\n",
    "    df_sub_w_lvls['number_influenced'] = df_sub_w_lvls['number_influenced'].fillna(MAX_V_VALUE)\n",
    "    list_to_contact_df.append(df_sub_w_lvls)\n",
    "    \n",
    "df_k_max = pd.concat(list_to_contact_df)"
   ]
  },
  {
   "cell_type": "code",
   "execution_count": 6,
   "metadata": {},
   "outputs": [
    {
     "data": {
      "text/html": [
       "<div>\n",
       "<style scoped>\n",
       "    .dataframe tbody tr th:only-of-type {\n",
       "        vertical-align: middle;\n",
       "    }\n",
       "\n",
       "    .dataframe tbody tr th {\n",
       "        vertical-align: top;\n",
       "    }\n",
       "\n",
       "    .dataframe thead th {\n",
       "        text-align: right;\n",
       "    }\n",
       "</style>\n",
       "<table border=\"1\" class=\"dataframe\">\n",
       "  <thead>\n",
       "    <tr style=\"text-align: right;\">\n",
       "      <th>s</th>\n",
       "      <th>0</th>\n",
       "      <th>1</th>\n",
       "      <th>2</th>\n",
       "      <th>3</th>\n",
       "      <th>4</th>\n",
       "      <th>5</th>\n",
       "      <th>6</th>\n",
       "      <th>7</th>\n",
       "      <th>8</th>\n",
       "      <th>9</th>\n",
       "      <th>10</th>\n",
       "      <th>11</th>\n",
       "      <th>12</th>\n",
       "      <th>13</th>\n",
       "      <th>14</th>\n",
       "      <th>15</th>\n",
       "      <th>16</th>\n",
       "      <th>17</th>\n",
       "    </tr>\n",
       "  </thead>\n",
       "  <tbody>\n",
       "    <tr>\n",
       "      <th>0</th>\n",
       "      <td>1.0</td>\n",
       "      <td>65.0</td>\n",
       "      <td>508.0</td>\n",
       "      <td>6838.0</td>\n",
       "      <td>13230.0</td>\n",
       "      <td>17638.0</td>\n",
       "      <td>18233.0</td>\n",
       "      <td>18375.0</td>\n",
       "      <td>18453.0</td>\n",
       "      <td>18468.0</td>\n",
       "      <td>18470.0</td>\n",
       "      <td>18470.0</td>\n",
       "      <td>18470.0</td>\n",
       "      <td>18470.0</td>\n",
       "      <td>18470.0</td>\n",
       "      <td>18470.0</td>\n",
       "      <td>18470.0</td>\n",
       "      <td>18470.0</td>\n",
       "    </tr>\n",
       "    <tr>\n",
       "      <th>0</th>\n",
       "      <td>1.0</td>\n",
       "      <td>2.0</td>\n",
       "      <td>817.0</td>\n",
       "      <td>1710.0</td>\n",
       "      <td>7726.0</td>\n",
       "      <td>13933.0</td>\n",
       "      <td>17693.0</td>\n",
       "      <td>18267.0</td>\n",
       "      <td>18390.0</td>\n",
       "      <td>18457.0</td>\n",
       "      <td>18468.0</td>\n",
       "      <td>18470.0</td>\n",
       "      <td>18470.0</td>\n",
       "      <td>18470.0</td>\n",
       "      <td>18470.0</td>\n",
       "      <td>18470.0</td>\n",
       "      <td>18470.0</td>\n",
       "      <td>18470.0</td>\n",
       "    </tr>\n",
       "    <tr>\n",
       "      <th>0</th>\n",
       "      <td>1.0</td>\n",
       "      <td>2.0</td>\n",
       "      <td>817.0</td>\n",
       "      <td>1710.0</td>\n",
       "      <td>7726.0</td>\n",
       "      <td>13933.0</td>\n",
       "      <td>17693.0</td>\n",
       "      <td>18267.0</td>\n",
       "      <td>18390.0</td>\n",
       "      <td>18457.0</td>\n",
       "      <td>18468.0</td>\n",
       "      <td>18470.0</td>\n",
       "      <td>18470.0</td>\n",
       "      <td>18470.0</td>\n",
       "      <td>18470.0</td>\n",
       "      <td>18470.0</td>\n",
       "      <td>18470.0</td>\n",
       "      <td>18470.0</td>\n",
       "    </tr>\n",
       "    <tr>\n",
       "      <th>0</th>\n",
       "      <td>1.0</td>\n",
       "      <td>9.0</td>\n",
       "      <td>456.0</td>\n",
       "      <td>4400.0</td>\n",
       "      <td>10387.0</td>\n",
       "      <td>15892.0</td>\n",
       "      <td>17850.0</td>\n",
       "      <td>18272.0</td>\n",
       "      <td>18410.0</td>\n",
       "      <td>18461.0</td>\n",
       "      <td>18469.0</td>\n",
       "      <td>18470.0</td>\n",
       "      <td>18470.0</td>\n",
       "      <td>18470.0</td>\n",
       "      <td>18470.0</td>\n",
       "      <td>18470.0</td>\n",
       "      <td>18470.0</td>\n",
       "      <td>18470.0</td>\n",
       "    </tr>\n",
       "    <tr>\n",
       "      <th>0</th>\n",
       "      <td>1.0</td>\n",
       "      <td>2.0</td>\n",
       "      <td>132.0</td>\n",
       "      <td>673.0</td>\n",
       "      <td>6266.0</td>\n",
       "      <td>12884.0</td>\n",
       "      <td>17458.0</td>\n",
       "      <td>18233.0</td>\n",
       "      <td>18403.0</td>\n",
       "      <td>18464.0</td>\n",
       "      <td>18469.0</td>\n",
       "      <td>18470.0</td>\n",
       "      <td>18470.0</td>\n",
       "      <td>18470.0</td>\n",
       "      <td>18470.0</td>\n",
       "      <td>18470.0</td>\n",
       "      <td>18470.0</td>\n",
       "      <td>18470.0</td>\n",
       "    </tr>\n",
       "  </tbody>\n",
       "</table>\n",
       "</div>"
      ],
      "text/plain": [
       "s   0     1      2       3        4        5        6        7        8   \\\n",
       "0  1.0  65.0  508.0  6838.0  13230.0  17638.0  18233.0  18375.0  18453.0   \n",
       "0  1.0   2.0  817.0  1710.0   7726.0  13933.0  17693.0  18267.0  18390.0   \n",
       "0  1.0   2.0  817.0  1710.0   7726.0  13933.0  17693.0  18267.0  18390.0   \n",
       "0  1.0   9.0  456.0  4400.0  10387.0  15892.0  17850.0  18272.0  18410.0   \n",
       "0  1.0   2.0  132.0   673.0   6266.0  12884.0  17458.0  18233.0  18403.0   \n",
       "\n",
       "s       9        10       11       12       13       14       15       16  \\\n",
       "0  18468.0  18470.0  18470.0  18470.0  18470.0  18470.0  18470.0  18470.0   \n",
       "0  18457.0  18468.0  18470.0  18470.0  18470.0  18470.0  18470.0  18470.0   \n",
       "0  18457.0  18468.0  18470.0  18470.0  18470.0  18470.0  18470.0  18470.0   \n",
       "0  18461.0  18469.0  18470.0  18470.0  18470.0  18470.0  18470.0  18470.0   \n",
       "0  18464.0  18469.0  18470.0  18470.0  18470.0  18470.0  18470.0  18470.0   \n",
       "\n",
       "s       17  \n",
       "0  18470.0  \n",
       "0  18470.0  \n",
       "0  18470.0  \n",
       "0  18470.0  \n",
       "0  18470.0  "
      ]
     },
     "execution_count": 6,
     "metadata": {},
     "output_type": "execute_result"
    }
   ],
   "source": [
    "df_to_corr = generate_pivot_df(df_k_max)\n",
    "df_to_corr.head()"
   ]
  },
  {
   "cell_type": "code",
   "execution_count": 7,
   "metadata": {},
   "outputs": [
    {
     "data": {
      "text/html": [
       "<div>\n",
       "<style scoped>\n",
       "    .dataframe tbody tr th:only-of-type {\n",
       "        vertical-align: middle;\n",
       "    }\n",
       "\n",
       "    .dataframe tbody tr th {\n",
       "        vertical-align: top;\n",
       "    }\n",
       "\n",
       "    .dataframe thead th {\n",
       "        text-align: right;\n",
       "    }\n",
       "</style>\n",
       "<table border=\"1\" class=\"dataframe\">\n",
       "  <thead>\n",
       "    <tr style=\"text-align: right;\">\n",
       "      <th>s</th>\n",
       "      <th>0</th>\n",
       "      <th>1</th>\n",
       "      <th>2</th>\n",
       "      <th>3</th>\n",
       "      <th>4</th>\n",
       "      <th>5</th>\n",
       "      <th>6</th>\n",
       "      <th>7</th>\n",
       "      <th>8</th>\n",
       "      <th>9</th>\n",
       "      <th>10</th>\n",
       "      <th>11</th>\n",
       "      <th>12</th>\n",
       "      <th>13</th>\n",
       "      <th>14</th>\n",
       "      <th>15</th>\n",
       "      <th>16</th>\n",
       "      <th>17</th>\n",
       "    </tr>\n",
       "    <tr>\n",
       "      <th>s</th>\n",
       "      <th></th>\n",
       "      <th></th>\n",
       "      <th></th>\n",
       "      <th></th>\n",
       "      <th></th>\n",
       "      <th></th>\n",
       "      <th></th>\n",
       "      <th></th>\n",
       "      <th></th>\n",
       "      <th></th>\n",
       "      <th></th>\n",
       "      <th></th>\n",
       "      <th></th>\n",
       "      <th></th>\n",
       "      <th></th>\n",
       "      <th></th>\n",
       "      <th></th>\n",
       "      <th></th>\n",
       "    </tr>\n",
       "  </thead>\n",
       "  <tbody>\n",
       "    <tr>\n",
       "      <th>0</th>\n",
       "      <td>1.000000</td>\n",
       "      <td>0.257814</td>\n",
       "      <td>0.130736</td>\n",
       "      <td>0.142869</td>\n",
       "      <td>0.134578</td>\n",
       "      <td>0.136407</td>\n",
       "      <td>0.122137</td>\n",
       "      <td>0.121187</td>\n",
       "      <td>0.113951</td>\n",
       "      <td>0.108952</td>\n",
       "      <td>0.108494</td>\n",
       "      <td>0.066013</td>\n",
       "      <td>0.024283</td>\n",
       "      <td>0.003740</td>\n",
       "      <td>0.004708</td>\n",
       "      <td>-0.015329</td>\n",
       "      <td>0.002364</td>\n",
       "      <td>NaN</td>\n",
       "    </tr>\n",
       "    <tr>\n",
       "      <th>1</th>\n",
       "      <td>0.257814</td>\n",
       "      <td>1.000000</td>\n",
       "      <td>0.434817</td>\n",
       "      <td>0.592668</td>\n",
       "      <td>0.461915</td>\n",
       "      <td>0.510984</td>\n",
       "      <td>0.424719</td>\n",
       "      <td>0.431113</td>\n",
       "      <td>0.391482</td>\n",
       "      <td>0.391281</td>\n",
       "      <td>0.385763</td>\n",
       "      <td>0.320931</td>\n",
       "      <td>0.205030</td>\n",
       "      <td>0.090749</td>\n",
       "      <td>0.054039</td>\n",
       "      <td>0.018179</td>\n",
       "      <td>0.006441</td>\n",
       "      <td>NaN</td>\n",
       "    </tr>\n",
       "    <tr>\n",
       "      <th>2</th>\n",
       "      <td>0.130736</td>\n",
       "      <td>0.434817</td>\n",
       "      <td>1.000000</td>\n",
       "      <td>0.673069</td>\n",
       "      <td>0.746192</td>\n",
       "      <td>0.653775</td>\n",
       "      <td>0.675534</td>\n",
       "      <td>0.616642</td>\n",
       "      <td>0.606312</td>\n",
       "      <td>0.604649</td>\n",
       "      <td>0.556758</td>\n",
       "      <td>0.574455</td>\n",
       "      <td>0.354966</td>\n",
       "      <td>0.156577</td>\n",
       "      <td>0.074336</td>\n",
       "      <td>0.029930</td>\n",
       "      <td>0.010230</td>\n",
       "      <td>NaN</td>\n",
       "    </tr>\n",
       "    <tr>\n",
       "      <th>3</th>\n",
       "      <td>0.142869</td>\n",
       "      <td>0.592668</td>\n",
       "      <td>0.673069</td>\n",
       "      <td>1.000000</td>\n",
       "      <td>0.726437</td>\n",
       "      <td>0.734802</td>\n",
       "      <td>0.641066</td>\n",
       "      <td>0.623007</td>\n",
       "      <td>0.565318</td>\n",
       "      <td>0.569745</td>\n",
       "      <td>0.538677</td>\n",
       "      <td>0.529348</td>\n",
       "      <td>0.398641</td>\n",
       "      <td>0.179640</td>\n",
       "      <td>0.092755</td>\n",
       "      <td>0.031961</td>\n",
       "      <td>0.010180</td>\n",
       "      <td>NaN</td>\n",
       "    </tr>\n",
       "    <tr>\n",
       "      <th>4</th>\n",
       "      <td>0.134578</td>\n",
       "      <td>0.461915</td>\n",
       "      <td>0.746192</td>\n",
       "      <td>0.726437</td>\n",
       "      <td>1.000000</td>\n",
       "      <td>0.815326</td>\n",
       "      <td>0.831751</td>\n",
       "      <td>0.725438</td>\n",
       "      <td>0.701045</td>\n",
       "      <td>0.680491</td>\n",
       "      <td>0.614717</td>\n",
       "      <td>0.599188</td>\n",
       "      <td>0.395011</td>\n",
       "      <td>0.185259</td>\n",
       "      <td>0.097932</td>\n",
       "      <td>0.032818</td>\n",
       "      <td>0.010393</td>\n",
       "      <td>NaN</td>\n",
       "    </tr>\n",
       "    <tr>\n",
       "      <th>5</th>\n",
       "      <td>0.136407</td>\n",
       "      <td>0.510984</td>\n",
       "      <td>0.653775</td>\n",
       "      <td>0.734802</td>\n",
       "      <td>0.815326</td>\n",
       "      <td>1.000000</td>\n",
       "      <td>0.853811</td>\n",
       "      <td>0.838394</td>\n",
       "      <td>0.744991</td>\n",
       "      <td>0.735326</td>\n",
       "      <td>0.680122</td>\n",
       "      <td>0.616245</td>\n",
       "      <td>0.404062</td>\n",
       "      <td>0.184736</td>\n",
       "      <td>0.098450</td>\n",
       "      <td>0.032899</td>\n",
       "      <td>0.010417</td>\n",
       "      <td>NaN</td>\n",
       "    </tr>\n",
       "    <tr>\n",
       "      <th>6</th>\n",
       "      <td>0.122137</td>\n",
       "      <td>0.424719</td>\n",
       "      <td>0.675534</td>\n",
       "      <td>0.641066</td>\n",
       "      <td>0.831751</td>\n",
       "      <td>0.853811</td>\n",
       "      <td>1.000000</td>\n",
       "      <td>0.858336</td>\n",
       "      <td>0.810427</td>\n",
       "      <td>0.772343</td>\n",
       "      <td>0.703147</td>\n",
       "      <td>0.652352</td>\n",
       "      <td>0.402016</td>\n",
       "      <td>0.185317</td>\n",
       "      <td>0.098183</td>\n",
       "      <td>0.032898</td>\n",
       "      <td>0.010420</td>\n",
       "      <td>NaN</td>\n",
       "    </tr>\n",
       "    <tr>\n",
       "      <th>7</th>\n",
       "      <td>0.121187</td>\n",
       "      <td>0.431113</td>\n",
       "      <td>0.616642</td>\n",
       "      <td>0.623007</td>\n",
       "      <td>0.725438</td>\n",
       "      <td>0.838394</td>\n",
       "      <td>0.858336</td>\n",
       "      <td>1.000000</td>\n",
       "      <td>0.813912</td>\n",
       "      <td>0.791149</td>\n",
       "      <td>0.744983</td>\n",
       "      <td>0.657639</td>\n",
       "      <td>0.407153</td>\n",
       "      <td>0.185377</td>\n",
       "      <td>0.098388</td>\n",
       "      <td>0.032933</td>\n",
       "      <td>0.010428</td>\n",
       "      <td>NaN</td>\n",
       "    </tr>\n",
       "    <tr>\n",
       "      <th>8</th>\n",
       "      <td>0.113951</td>\n",
       "      <td>0.391482</td>\n",
       "      <td>0.606312</td>\n",
       "      <td>0.565318</td>\n",
       "      <td>0.701045</td>\n",
       "      <td>0.744991</td>\n",
       "      <td>0.810427</td>\n",
       "      <td>0.813912</td>\n",
       "      <td>1.000000</td>\n",
       "      <td>0.805682</td>\n",
       "      <td>0.752947</td>\n",
       "      <td>0.689153</td>\n",
       "      <td>0.402032</td>\n",
       "      <td>0.186151</td>\n",
       "      <td>0.098624</td>\n",
       "      <td>0.033007</td>\n",
       "      <td>0.010448</td>\n",
       "      <td>NaN</td>\n",
       "    </tr>\n",
       "    <tr>\n",
       "      <th>9</th>\n",
       "      <td>0.108952</td>\n",
       "      <td>0.391281</td>\n",
       "      <td>0.604649</td>\n",
       "      <td>0.569745</td>\n",
       "      <td>0.680491</td>\n",
       "      <td>0.735326</td>\n",
       "      <td>0.772343</td>\n",
       "      <td>0.791149</td>\n",
       "      <td>0.805682</td>\n",
       "      <td>1.000000</td>\n",
       "      <td>0.813923</td>\n",
       "      <td>0.709807</td>\n",
       "      <td>0.418466</td>\n",
       "      <td>0.189730</td>\n",
       "      <td>0.100539</td>\n",
       "      <td>0.033656</td>\n",
       "      <td>0.010650</td>\n",
       "      <td>NaN</td>\n",
       "    </tr>\n",
       "    <tr>\n",
       "      <th>10</th>\n",
       "      <td>0.108494</td>\n",
       "      <td>0.385763</td>\n",
       "      <td>0.556758</td>\n",
       "      <td>0.538677</td>\n",
       "      <td>0.614717</td>\n",
       "      <td>0.680122</td>\n",
       "      <td>0.703147</td>\n",
       "      <td>0.744983</td>\n",
       "      <td>0.752947</td>\n",
       "      <td>0.813923</td>\n",
       "      <td>1.000000</td>\n",
       "      <td>0.760517</td>\n",
       "      <td>0.449577</td>\n",
       "      <td>0.202434</td>\n",
       "      <td>0.106924</td>\n",
       "      <td>0.035818</td>\n",
       "      <td>0.011334</td>\n",
       "      <td>NaN</td>\n",
       "    </tr>\n",
       "    <tr>\n",
       "      <th>11</th>\n",
       "      <td>0.066013</td>\n",
       "      <td>0.320931</td>\n",
       "      <td>0.574455</td>\n",
       "      <td>0.529348</td>\n",
       "      <td>0.599188</td>\n",
       "      <td>0.616245</td>\n",
       "      <td>0.652352</td>\n",
       "      <td>0.657639</td>\n",
       "      <td>0.689153</td>\n",
       "      <td>0.709807</td>\n",
       "      <td>0.760517</td>\n",
       "      <td>1.000000</td>\n",
       "      <td>0.547958</td>\n",
       "      <td>0.246710</td>\n",
       "      <td>0.130378</td>\n",
       "      <td>0.043636</td>\n",
       "      <td>0.013804</td>\n",
       "      <td>NaN</td>\n",
       "    </tr>\n",
       "    <tr>\n",
       "      <th>12</th>\n",
       "      <td>0.024283</td>\n",
       "      <td>0.205030</td>\n",
       "      <td>0.354966</td>\n",
       "      <td>0.398641</td>\n",
       "      <td>0.395011</td>\n",
       "      <td>0.404062</td>\n",
       "      <td>0.402016</td>\n",
       "      <td>0.407153</td>\n",
       "      <td>0.402032</td>\n",
       "      <td>0.418466</td>\n",
       "      <td>0.449577</td>\n",
       "      <td>0.547958</td>\n",
       "      <td>1.000000</td>\n",
       "      <td>0.441525</td>\n",
       "      <td>0.233244</td>\n",
       "      <td>0.078054</td>\n",
       "      <td>0.024692</td>\n",
       "      <td>NaN</td>\n",
       "    </tr>\n",
       "    <tr>\n",
       "      <th>13</th>\n",
       "      <td>0.003740</td>\n",
       "      <td>0.090749</td>\n",
       "      <td>0.156577</td>\n",
       "      <td>0.179640</td>\n",
       "      <td>0.185259</td>\n",
       "      <td>0.184736</td>\n",
       "      <td>0.185317</td>\n",
       "      <td>0.185377</td>\n",
       "      <td>0.186151</td>\n",
       "      <td>0.189730</td>\n",
       "      <td>0.202434</td>\n",
       "      <td>0.246710</td>\n",
       "      <td>0.441525</td>\n",
       "      <td>1.000000</td>\n",
       "      <td>0.527194</td>\n",
       "      <td>0.176082</td>\n",
       "      <td>0.055702</td>\n",
       "      <td>NaN</td>\n",
       "    </tr>\n",
       "    <tr>\n",
       "      <th>14</th>\n",
       "      <td>0.004708</td>\n",
       "      <td>0.054039</td>\n",
       "      <td>0.074336</td>\n",
       "      <td>0.092755</td>\n",
       "      <td>0.097932</td>\n",
       "      <td>0.098450</td>\n",
       "      <td>0.098183</td>\n",
       "      <td>0.098388</td>\n",
       "      <td>0.098624</td>\n",
       "      <td>0.100539</td>\n",
       "      <td>0.106924</td>\n",
       "      <td>0.130378</td>\n",
       "      <td>0.233244</td>\n",
       "      <td>0.527194</td>\n",
       "      <td>1.000000</td>\n",
       "      <td>0.333767</td>\n",
       "      <td>0.105576</td>\n",
       "      <td>NaN</td>\n",
       "    </tr>\n",
       "    <tr>\n",
       "      <th>15</th>\n",
       "      <td>-0.015329</td>\n",
       "      <td>0.018179</td>\n",
       "      <td>0.029930</td>\n",
       "      <td>0.031961</td>\n",
       "      <td>0.032818</td>\n",
       "      <td>0.032899</td>\n",
       "      <td>0.032898</td>\n",
       "      <td>0.032933</td>\n",
       "      <td>0.033007</td>\n",
       "      <td>0.033656</td>\n",
       "      <td>0.035818</td>\n",
       "      <td>0.043636</td>\n",
       "      <td>0.078054</td>\n",
       "      <td>0.176082</td>\n",
       "      <td>0.333767</td>\n",
       "      <td>1.000000</td>\n",
       "      <td>0.316250</td>\n",
       "      <td>NaN</td>\n",
       "    </tr>\n",
       "    <tr>\n",
       "      <th>16</th>\n",
       "      <td>0.002364</td>\n",
       "      <td>0.006441</td>\n",
       "      <td>0.010230</td>\n",
       "      <td>0.010180</td>\n",
       "      <td>0.010393</td>\n",
       "      <td>0.010417</td>\n",
       "      <td>0.010420</td>\n",
       "      <td>0.010428</td>\n",
       "      <td>0.010448</td>\n",
       "      <td>0.010650</td>\n",
       "      <td>0.011334</td>\n",
       "      <td>0.013804</td>\n",
       "      <td>0.024692</td>\n",
       "      <td>0.055702</td>\n",
       "      <td>0.105576</td>\n",
       "      <td>0.316250</td>\n",
       "      <td>1.000000</td>\n",
       "      <td>NaN</td>\n",
       "    </tr>\n",
       "    <tr>\n",
       "      <th>17</th>\n",
       "      <td>NaN</td>\n",
       "      <td>NaN</td>\n",
       "      <td>NaN</td>\n",
       "      <td>NaN</td>\n",
       "      <td>NaN</td>\n",
       "      <td>NaN</td>\n",
       "      <td>NaN</td>\n",
       "      <td>NaN</td>\n",
       "      <td>NaN</td>\n",
       "      <td>NaN</td>\n",
       "      <td>NaN</td>\n",
       "      <td>NaN</td>\n",
       "      <td>NaN</td>\n",
       "      <td>NaN</td>\n",
       "      <td>NaN</td>\n",
       "      <td>NaN</td>\n",
       "      <td>NaN</td>\n",
       "      <td>1.0</td>\n",
       "    </tr>\n",
       "  </tbody>\n",
       "</table>\n",
       "</div>"
      ],
      "text/plain": [
       "s         0         1         2         3         4         5         6   \\\n",
       "s                                                                          \n",
       "0   1.000000  0.257814  0.130736  0.142869  0.134578  0.136407  0.122137   \n",
       "1   0.257814  1.000000  0.434817  0.592668  0.461915  0.510984  0.424719   \n",
       "2   0.130736  0.434817  1.000000  0.673069  0.746192  0.653775  0.675534   \n",
       "3   0.142869  0.592668  0.673069  1.000000  0.726437  0.734802  0.641066   \n",
       "4   0.134578  0.461915  0.746192  0.726437  1.000000  0.815326  0.831751   \n",
       "5   0.136407  0.510984  0.653775  0.734802  0.815326  1.000000  0.853811   \n",
       "6   0.122137  0.424719  0.675534  0.641066  0.831751  0.853811  1.000000   \n",
       "7   0.121187  0.431113  0.616642  0.623007  0.725438  0.838394  0.858336   \n",
       "8   0.113951  0.391482  0.606312  0.565318  0.701045  0.744991  0.810427   \n",
       "9   0.108952  0.391281  0.604649  0.569745  0.680491  0.735326  0.772343   \n",
       "10  0.108494  0.385763  0.556758  0.538677  0.614717  0.680122  0.703147   \n",
       "11  0.066013  0.320931  0.574455  0.529348  0.599188  0.616245  0.652352   \n",
       "12  0.024283  0.205030  0.354966  0.398641  0.395011  0.404062  0.402016   \n",
       "13  0.003740  0.090749  0.156577  0.179640  0.185259  0.184736  0.185317   \n",
       "14  0.004708  0.054039  0.074336  0.092755  0.097932  0.098450  0.098183   \n",
       "15 -0.015329  0.018179  0.029930  0.031961  0.032818  0.032899  0.032898   \n",
       "16  0.002364  0.006441  0.010230  0.010180  0.010393  0.010417  0.010420   \n",
       "17       NaN       NaN       NaN       NaN       NaN       NaN       NaN   \n",
       "\n",
       "s         7         8         9         10        11        12        13  \\\n",
       "s                                                                          \n",
       "0   0.121187  0.113951  0.108952  0.108494  0.066013  0.024283  0.003740   \n",
       "1   0.431113  0.391482  0.391281  0.385763  0.320931  0.205030  0.090749   \n",
       "2   0.616642  0.606312  0.604649  0.556758  0.574455  0.354966  0.156577   \n",
       "3   0.623007  0.565318  0.569745  0.538677  0.529348  0.398641  0.179640   \n",
       "4   0.725438  0.701045  0.680491  0.614717  0.599188  0.395011  0.185259   \n",
       "5   0.838394  0.744991  0.735326  0.680122  0.616245  0.404062  0.184736   \n",
       "6   0.858336  0.810427  0.772343  0.703147  0.652352  0.402016  0.185317   \n",
       "7   1.000000  0.813912  0.791149  0.744983  0.657639  0.407153  0.185377   \n",
       "8   0.813912  1.000000  0.805682  0.752947  0.689153  0.402032  0.186151   \n",
       "9   0.791149  0.805682  1.000000  0.813923  0.709807  0.418466  0.189730   \n",
       "10  0.744983  0.752947  0.813923  1.000000  0.760517  0.449577  0.202434   \n",
       "11  0.657639  0.689153  0.709807  0.760517  1.000000  0.547958  0.246710   \n",
       "12  0.407153  0.402032  0.418466  0.449577  0.547958  1.000000  0.441525   \n",
       "13  0.185377  0.186151  0.189730  0.202434  0.246710  0.441525  1.000000   \n",
       "14  0.098388  0.098624  0.100539  0.106924  0.130378  0.233244  0.527194   \n",
       "15  0.032933  0.033007  0.033656  0.035818  0.043636  0.078054  0.176082   \n",
       "16  0.010428  0.010448  0.010650  0.011334  0.013804  0.024692  0.055702   \n",
       "17       NaN       NaN       NaN       NaN       NaN       NaN       NaN   \n",
       "\n",
       "s         14        15        16   17  \n",
       "s                                      \n",
       "0   0.004708 -0.015329  0.002364  NaN  \n",
       "1   0.054039  0.018179  0.006441  NaN  \n",
       "2   0.074336  0.029930  0.010230  NaN  \n",
       "3   0.092755  0.031961  0.010180  NaN  \n",
       "4   0.097932  0.032818  0.010393  NaN  \n",
       "5   0.098450  0.032899  0.010417  NaN  \n",
       "6   0.098183  0.032898  0.010420  NaN  \n",
       "7   0.098388  0.032933  0.010428  NaN  \n",
       "8   0.098624  0.033007  0.010448  NaN  \n",
       "9   0.100539  0.033656  0.010650  NaN  \n",
       "10  0.106924  0.035818  0.011334  NaN  \n",
       "11  0.130378  0.043636  0.013804  NaN  \n",
       "12  0.233244  0.078054  0.024692  NaN  \n",
       "13  0.527194  0.176082  0.055702  NaN  \n",
       "14  1.000000  0.333767  0.105576  NaN  \n",
       "15  0.333767  1.000000  0.316250  NaN  \n",
       "16  0.105576  0.316250  1.000000  NaN  \n",
       "17       NaN       NaN       NaN  1.0  "
      ]
     },
     "execution_count": 7,
     "metadata": {},
     "output_type": "execute_result"
    }
   ],
   "source": [
    "df_corr_kendall = df_to_corr.corr(method='kendall')\n",
    "df_corr_kendall"
   ]
  },
  {
   "cell_type": "code",
   "execution_count": 8,
   "metadata": {},
   "outputs": [
    {
     "data": {
      "text/plain": [
       "<matplotlib.axes._subplots.AxesSubplot at 0x7f3b92633d30>"
      ]
     },
     "execution_count": 8,
     "metadata": {},
     "output_type": "execute_result"
    },
    {
     "data": {
