{
 "cells": [
  {
   "cell_type": "markdown",
   "metadata": {},
   "source": [
    "# Kendal correlation between levels"
   ]
  },
  {
   "cell_type": "code",
   "execution_count": 1,
   "metadata": {},
   "outputs": [],
   "source": [
    "%matplotlib inline\n",
    "\n",
    "import matplotlib\n",
    "import numpy as np\n",
    "import matplotlib.pyplot as plt\n",
    "import pandas as pd\n",
    "import seaborn as sns"
   ]
  },
  {
   "cell_type": "markdown",
   "metadata": {},
   "source": [
    "## Misc functions"
   ]
  },
  {
   "cell_type": "code",
   "execution_count": 2,
   "metadata": {},
   "outputs": [],
   "source": [
    "def select_max_k(df):\n",
    "    df.groupby(['node','s'], sort=False)['k'].max()\n",
    "    idx = df.groupby(['node','s'])['k'].transform(max) == df['k']\n",
    "    df_k_max = df[idx][['node','number_influenced','s']]\n",
    "    return df_k_max\n",
    "\n",
    "def generate_pivot_df(df_k_max):\n",
    "    pivot_df = []\n",
    "\n",
    "    for n in df_k_max['node'].unique():\n",
    "        df_nodes = df_k_max.loc[df_k_max['node'] == n]\n",
    "        df_nodes = df_nodes.set_index('node', drop=True)\n",
    "        pivot_df.append(df_nodes.pivot_table(values='number_influenced',\n",
    "                                             index=df_nodes.index,\n",
    "                                             columns='s').reset_index(drop=True))\n",
    "    df_to_corr = pd.concat(pivot_df)\n",
    "    \n",
    "    return df_to_corr"
   ]
  },
  {
   "cell_type": "markdown",
   "metadata": {},
   "source": [
    "## Plurality"
   ]
  },
  {
   "cell_type": "code",
   "execution_count": 3,
   "metadata": {},
   "outputs": [
    {
     "data": {
      "text/html": [
       "<div>\n",
       "<style scoped>\n",
       "    .dataframe tbody tr th:only-of-type {\n",
       "        vertical-align: middle;\n",
       "    }\n",
       "\n",
       "    .dataframe tbody tr th {\n",
       "        vertical-align: top;\n",
       "    }\n",
       "\n",
       "    .dataframe thead th {\n",
       "        text-align: right;\n",
       "    }\n",
       "</style>\n",
       "<table border=\"1\" class=\"dataframe\">\n",
       "  <thead>\n",
       "    <tr style=\"text-align: right;\">\n",
       "      <th></th>\n",
       "      <th>k</th>\n",
       "      <th>node</th>\n",
       "      <th>number_influenced</th>\n",
       "      <th>s</th>\n",
       "    </tr>\n",
       "  </thead>\n",
       "  <tbody>\n",
       "    <tr>\n",
       "      <th>0</th>\n",
       "      <td>0</td>\n",
       "      <td>9</td>\n",
       "      <td>1</td>\n",
       "      <td>0</td>\n",
       "    </tr>\n",
       "    <tr>\n",
       "      <th>1</th>\n",
       "      <td>0</td>\n",
       "      <td>9</td>\n",
       "      <td>8</td>\n",
       "      <td>1</td>\n",
       "    </tr>\n",
       "    <tr>\n",
       "      <th>2</th>\n",
       "      <td>1</td>\n",
       "      <td>9</td>\n",
       "      <td>40</td>\n",
       "      <td>1</td>\n",
       "    </tr>\n",
       "    <tr>\n",
       "      <th>3</th>\n",
       "      <td>2</td>\n",
       "      <td>9</td>\n",
       "      <td>65</td>\n",
       "      <td>1</td>\n",
       "    </tr>\n",
       "    <tr>\n",
       "      <th>4</th>\n",
       "      <td>0</td>\n",
       "      <td>9</td>\n",
       "      <td>282</td>\n",
       "      <td>2</td>\n",
       "    </tr>\n",
       "  </tbody>\n",
       "</table>\n",
       "</div>"
      ],
      "text/plain": [
       "   k  node  number_influenced  s\n",
       "0  0     9                  1  0\n",
       "1  0     9                  8  1\n",
       "2  1     9                 40  1\n",
       "3  2     9                 65  1\n",
       "4  0     9                282  2"
      ]
     },
     "execution_count": 3,
     "metadata": {},
     "output_type": "execute_result"
    }
   ],
   "source": [
    "df = pd.read_csv('parallel_merge_plurality.csv',\n",
    "                 names=['k','node','number_influenced','s'])\n",
    "df.head()"
   ]
  },
  {
   "cell_type": "code",
   "execution_count": 4,
   "metadata": {},
   "outputs": [
    {
     "data": {
      "text/html": [
       "<div>\n",
       "<style scoped>\n",
       "    .dataframe tbody tr th:only-of-type {\n",
       "        vertical-align: middle;\n",
       "    }\n",
       "\n",
       "    .dataframe tbody tr th {\n",
       "        vertical-align: top;\n",
       "    }\n",
       "\n",
       "    .dataframe thead th {\n",
       "        text-align: right;\n",
       "    }\n",
       "</style>\n",
       "<table border=\"1\" class=\"dataframe\">\n",
       "  <thead>\n",
       "    <tr style=\"text-align: right;\">\n",
       "      <th></th>\n",
       "      <th>node</th>\n",
       "      <th>number_influenced</th>\n",
       "      <th>s</th>\n",
       "    </tr>\n",
       "  </thead>\n",
       "  <tbody>\n",
       "    <tr>\n",
       "      <th>0</th>\n",
       "      <td>9</td>\n",
       "      <td>1</td>\n",
       "      <td>0</td>\n",
       "    </tr>\n",
       "    <tr>\n",
       "      <th>3</th>\n",
       "      <td>9</td>\n",
       "      <td>65</td>\n",
       "      <td>1</td>\n",
       "    </tr>\n",
       "    <tr>\n",
       "      <th>6</th>\n",
       "      <td>9</td>\n",
       "      <td>508</td>\n",
       "      <td>2</td>\n",
       "    </tr>\n",
       "    <tr>\n",
       "      <th>13</th>\n",
       "      <td>9</td>\n",
       "      <td>6838</td>\n",
       "      <td>3</td>\n",
       "    </tr>\n",
       "    <tr>\n",
       "      <th>17</th>\n",
       "      <td>9</td>\n",
       "      <td>13230</td>\n",
       "      <td>4</td>\n",
       "    </tr>\n",
       "  </tbody>\n",
       "</table>\n",
       "</div>"
      ],
      "text/plain": [
       "    node  number_influenced  s\n",
       "0      9                  1  0\n",
       "3      9                 65  1\n",
       "6      9                508  2\n",
       "13     9               6838  3\n",
       "17     9              13230  4"
      ]
     },
     "execution_count": 4,
     "metadata": {},
     "output_type": "execute_result"
    }
   ],
   "source": [
    "df_k_max = select_max_k(df)\n",
    "df_k_max.head()"
   ]
  },
  {
   "cell_type": "code",
   "execution_count": 5,
   "metadata": {},
   "outputs": [
    {
     "data": {
      "text/html": [
       "<div>\n",
       "<style scoped>\n",
       "    .dataframe tbody tr th:only-of-type {\n",
       "        vertical-align: middle;\n",
       "    }\n",
       "\n",
       "    .dataframe tbody tr th {\n",
       "        vertical-align: top;\n",
       "    }\n",
       "\n",
       "    .dataframe thead th {\n",
       "        text-align: right;\n",
       "    }\n",
       "</style>\n",
       "<table border=\"1\" class=\"dataframe\">\n",
       "  <thead>\n",
       "    <tr style=\"text-align: right;\">\n",
       "      <th>s</th>\n",
       "      <th>0</th>\n",
       "      <th>1</th>\n",
       "      <th>2</th>\n",
       "      <th>3</th>\n",
       "      <th>4</th>\n",
       "      <th>5</th>\n",
       "      <th>6</th>\n",
       "      <th>7</th>\n",
       "      <th>8</th>\n",
       "      <th>9</th>\n",
       "      <th>10</th>\n",
       "      <th>11</th>\n",
       "      <th>12</th>\n",
       "      <th>13</th>\n",
       "      <th>14</th>\n",
       "      <th>15</th>\n",
       "      <th>16</th>\n",
       "      <th>17</th>\n",
       "    </tr>\n",
       "  </thead>\n",
       "  <tbody>\n",
       "    <tr>\n",
       "      <th>0</th>\n",
       "      <td>1</td>\n",
       "      <td>65</td>\n",
       "      <td>508</td>\n",
       "      <td>6838</td>\n",
       "      <td>13230</td>\n",
       "      <td>17638</td>\n",
       "      <td>18233</td>\n",
       "      <td>18375</td>\n",
       "      <td>18453</td>\n",
       "      <td>18468</td>\n",
       "      <td>18470.0</td>\n",
       "      <td>NaN</td>\n",
       "      <td>NaN</td>\n",
       "      <td>NaN</td>\n",
       "      <td>NaN</td>\n",
       "      <td>NaN</td>\n",
       "      <td>NaN</td>\n",
       "      <td>NaN</td>\n",
       "    </tr>\n",
       "    <tr>\n",
       "      <th>0</th>\n",
       "      <td>1</td>\n",
       "      <td>2</td>\n",
       "      <td>817</td>\n",
       "      <td>1710</td>\n",
       "      <td>7726</td>\n",
       "      <td>13933</td>\n",
       "      <td>17693</td>\n",
       "      <td>18267</td>\n",
       "      <td>18390</td>\n",
       "      <td>18457</td>\n",
       "      <td>18468.0</td>\n",
       "      <td>18470.0</td>\n",
       "      <td>NaN</td>\n",
       "      <td>NaN</td>\n",
       "      <td>NaN</td>\n",
       "      <td>NaN</td>\n",
       "      <td>NaN</td>\n",
       "      <td>NaN</td>\n",
       "    </tr>\n",
       "    <tr>\n",
       "      <th>0</th>\n",
       "      <td>1</td>\n",
       "      <td>2</td>\n",
       "      <td>817</td>\n",
       "      <td>1710</td>\n",
       "      <td>7726</td>\n",
       "      <td>13933</td>\n",
       "      <td>17693</td>\n",
       "      <td>18267</td>\n",
       "      <td>18390</td>\n",
       "      <td>18457</td>\n",
       "      <td>18468.0</td>\n",
       "      <td>18470.0</td>\n",
       "      <td>NaN</td>\n",
       "      <td>NaN</td>\n",
       "      <td>NaN</td>\n",
       "      <td>NaN</td>\n",
       "      <td>NaN</td>\n",
       "      <td>NaN</td>\n",
       "    </tr>\n",
       "    <tr>\n",
       "      <th>0</th>\n",
       "      <td>1</td>\n",
       "      <td>9</td>\n",
       "      <td>456</td>\n",
       "      <td>4400</td>\n",
       "      <td>10387</td>\n",
       "      <td>15892</td>\n",
       "      <td>17850</td>\n",
       "      <td>18272</td>\n",
       "      <td>18410</td>\n",
       "      <td>18461</td>\n",
       "      <td>18469.0</td>\n",
       "      <td>18470.0</td>\n",
       "      <td>NaN</td>\n",
       "      <td>NaN</td>\n",
       "      <td>NaN</td>\n",
       "      <td>NaN</td>\n",
       "      <td>NaN</td>\n",
       "      <td>NaN</td>\n",
       "    </tr>\n",
       "    <tr>\n",
       "      <th>0</th>\n",
       "      <td>1</td>\n",
       "      <td>2</td>\n",
       "      <td>132</td>\n",
       "      <td>673</td>\n",
       "      <td>6266</td>\n",
       "      <td>12884</td>\n",
       "      <td>17458</td>\n",
       "      <td>18233</td>\n",
       "      <td>18403</td>\n",
       "      <td>18464</td>\n",
       "      <td>18469.0</td>\n",
       "      <td>18470.0</td>\n",
       "      <td>NaN</td>\n",
       "      <td>NaN</td>\n",
       "      <td>NaN</td>\n",
       "      <td>NaN</td>\n",
       "      <td>NaN</td>\n",
       "      <td>NaN</td>\n",
       "    </tr>\n",
       "  </tbody>\n",
       "</table>\n",
       "</div>"
      ],
      "text/plain": [
       "s  0   1    2     3      4      5      6      7      8      9        10  \\\n",
       "0   1  65  508  6838  13230  17638  18233  18375  18453  18468  18470.0   \n",
       "0   1   2  817  1710   7726  13933  17693  18267  18390  18457  18468.0   \n",
       "0   1   2  817  1710   7726  13933  17693  18267  18390  18457  18468.0   \n",
       "0   1   9  456  4400  10387  15892  17850  18272  18410  18461  18469.0   \n",
       "0   1   2  132   673   6266  12884  17458  18233  18403  18464  18469.0   \n",
       "\n",
       "s       11  12  13  14  15  16  17  \n",
       "0      NaN NaN NaN NaN NaN NaN NaN  \n",
       "0  18470.0 NaN NaN NaN NaN NaN NaN  \n",
       "0  18470.0 NaN NaN NaN NaN NaN NaN  \n",
       "0  18470.0 NaN NaN NaN NaN NaN NaN  \n",
       "0  18470.0 NaN NaN NaN NaN NaN NaN  "
      ]
     },
     "execution_count": 5,
     "metadata": {},
     "output_type": "execute_result"
    }
   ],
   "source": [
    "df_to_corr = generate_pivot_df(df_k_max)\n",
    "df_to_corr.head()"
   ]
  },
  {
   "cell_type": "code",
   "execution_count": 6,
   "metadata": {},
   "outputs": [
    {
     "data": {
      "text/html": [
       "<div>\n",
       "<style scoped>\n",
       "    .dataframe tbody tr th:only-of-type {\n",
       "        vertical-align: middle;\n",
       "    }\n",
       "\n",
       "    .dataframe tbody tr th {\n",
       "        vertical-align: top;\n",
       "    }\n",
       "\n",
       "    .dataframe thead th {\n",
       "        text-align: right;\n",
       "    }\n",
       "</style>\n",
       "<table border=\"1\" class=\"dataframe\">\n",
       "  <thead>\n",
       "    <tr style=\"text-align: right;\">\n",
       "      <th>s</th>\n",
       "      <th>0</th>\n",
       "      <th>1</th>\n",
       "      <th>2</th>\n",
       "      <th>3</th>\n",
       "      <th>4</th>\n",
       "      <th>5</th>\n",
       "      <th>6</th>\n",
       "      <th>7</th>\n",
       "      <th>8</th>\n",
       "      <th>9</th>\n",
       "      <th>10</th>\n",
       "      <th>11</th>\n",
       "      <th>12</th>\n",
       "      <th>13</th>\n",
       "      <th>14</th>\n",
       "      <th>15</th>\n",
       "      <th>16</th>\n",
       "      <th>17</th>\n",
       "    </tr>\n",
       "    <tr>\n",
       "      <th>s</th>\n",
       "      <th></th>\n",
       "      <th></th>\n",
       "      <th></th>\n",
       "      <th></th>\n",
       "      <th></th>\n",
       "      <th></th>\n",
       "      <th></th>\n",
       "      <th></th>\n",
       "      <th></th>\n",
       "      <th></th>\n",
       "      <th></th>\n",
       "      <th></th>\n",
       "      <th></th>\n",
       "      <th></th>\n",
       "      <th></th>\n",
       "      <th></th>\n",
       "      <th></th>\n",
       "      <th></th>\n",
       "    </tr>\n",
       "  </thead>\n",
       "  <tbody>\n",
       "    <tr>\n",
       "      <th>0</th>\n",
       "      <td>1.000000</td>\n",
       "      <td>0.257814</td>\n",
       "      <td>0.130736</td>\n",
       "      <td>0.142869</td>\n",
       "      <td>0.134578</td>\n",
       "      <td>0.136407</td>\n",
       "      <td>0.122137</td>\n",
       "      <td>0.121187</td>\n",
       "      <td>0.113951</td>\n",
       "      <td>0.108952</td>\n",
       "      <td>0.107386</td>\n",
       "      <td>0.044822</td>\n",
       "      <td>-0.011668</td>\n",
       "      <td>-0.010863</td>\n",
       "      <td>0.012752</td>\n",
       "      <td>-0.313183</td>\n",
       "      <td>0.158114</td>\n",
       "      <td>NaN</td>\n",
       "    </tr>\n",
       "    <tr>\n",
       "      <th>1</th>\n",
       "      <td>0.257814</td>\n",
       "      <td>1.000000</td>\n",
       "      <td>0.434817</td>\n",
       "      <td>0.592668</td>\n",
       "      <td>0.461915</td>\n",
       "      <td>0.510984</td>\n",
       "      <td>0.424719</td>\n",
       "      <td>0.431113</td>\n",
       "      <td>0.391482</td>\n",
       "      <td>0.391281</td>\n",
       "      <td>0.384981</td>\n",
       "      <td>0.295343</td>\n",
       "      <td>0.205182</td>\n",
       "      <td>0.045218</td>\n",
       "      <td>0.115193</td>\n",
       "      <td>0.018135</td>\n",
       "      <td>0.123091</td>\n",
       "      <td>NaN</td>\n",
       "    </tr>\n",
       "    <tr>\n",
       "      <th>2</th>\n",
       "      <td>0.130736</td>\n",
       "      <td>0.434817</td>\n",
       "      <td>1.000000</td>\n",
       "      <td>0.673069</td>\n",
       "      <td>0.746192</td>\n",
       "      <td>0.653775</td>\n",
       "      <td>0.675534</td>\n",
       "      <td>0.616642</td>\n",
       "      <td>0.606312</td>\n",
       "      <td>0.604649</td>\n",
       "      <td>0.556467</td>\n",
       "      <td>0.574548</td>\n",
       "      <td>0.392974</td>\n",
       "      <td>0.101776</td>\n",
       "      <td>-0.159093</td>\n",
       "      <td>0.195297</td>\n",
       "      <td>0.252646</td>\n",
       "      <td>NaN</td>\n",
       "    </tr>\n",
       "    <tr>\n",
       "      <th>3</th>\n",
       "      <td>0.142869</td>\n",
       "      <td>0.592668</td>\n",
       "      <td>0.673069</td>\n",
       "      <td>1.000000</td>\n",
       "      <td>0.726437</td>\n",
       "      <td>0.734802</td>\n",
       "      <td>0.641066</td>\n",
       "      <td>0.623007</td>\n",
       "      <td>0.565318</td>\n",
       "      <td>0.569745</td>\n",
       "      <td>0.538204</td>\n",
       "      <td>0.525611</td>\n",
       "      <td>0.515729</td>\n",
       "      <td>0.339377</td>\n",
       "      <td>-0.071932</td>\n",
       "      <td>0.183845</td>\n",
       "      <td>0.000000</td>\n",
       "      <td>NaN</td>\n",
       "    </tr>\n",
       "    <tr>\n",
       "      <th>4</th>\n",
       "      <td>0.134578</td>\n",
       "      <td>0.461915</td>\n",
       "      <td>0.746192</td>\n",
       "      <td>0.726437</td>\n",
       "      <td>1.000000</td>\n",
       "      <td>0.815326</td>\n",
       "      <td>0.831751</td>\n",
       "      <td>0.725438</td>\n",
       "      <td>0.701045</td>\n",
       "      <td>0.680491</td>\n",
       "      <td>0.614389</td>\n",
       "      <td>0.600728</td>\n",
       "      <td>0.503534</td>\n",
       "      <td>0.483392</td>\n",
       "      <td>0.390291</td>\n",
       "      <td>0.292278</td>\n",
       "      <td>0.284268</td>\n",
       "      <td>NaN</td>\n",
       "    </tr>\n",
       "    <tr>\n",
       "      <th>5</th>\n",
       "      <td>0.136407</td>\n",
       "      <td>0.510984</td>\n",
       "      <td>0.653775</td>\n",
       "      <td>0.734802</td>\n",
       "      <td>0.815326</td>\n",
       "      <td>1.000000</td>\n",
       "      <td>0.853811</td>\n",
       "      <td>0.838394</td>\n",
       "      <td>0.744991</td>\n",
       "      <td>0.735326</td>\n",
       "      <td>0.679791</td>\n",
       "      <td>0.618644</td>\n",
       "      <td>0.529719</td>\n",
       "      <td>0.470336</td>\n",
       "      <td>0.549192</td>\n",
       "      <td>0.356041</td>\n",
       "      <td>0.426401</td>\n",
       "      <td>NaN</td>\n",
       "    </tr>\n",
       "    <tr>\n",
       "      <th>6</th>\n",
       "      <td>0.122137</td>\n",
       "      <td>0.424719</td>\n",
       "      <td>0.675534</td>\n",
       "      <td>0.641066</td>\n",
       "      <td>0.831751</td>\n",
       "      <td>0.853811</td>\n",
       "      <td>1.000000</td>\n",
       "      <td>0.858336</td>\n",
       "      <td>0.810427</td>\n",
       "      <td>0.772343</td>\n",
       "      <td>0.702876</td>\n",
       "      <td>0.656801</td>\n",
       "      <td>0.523205</td>\n",
       "      <td>0.483492</td>\n",
       "      <td>0.459951</td>\n",
       "      <td>0.372910</td>\n",
       "      <td>0.423207</td>\n",
       "      <td>NaN</td>\n",
       "    </tr>\n",
       "    <tr>\n",
       "      <th>7</th>\n",
       "      <td>0.121187</td>\n",
       "      <td>0.431113</td>\n",
       "      <td>0.616642</td>\n",
       "      <td>0.623007</td>\n",
       "      <td>0.725438</td>\n",
       "      <td>0.838394</td>\n",
       "      <td>0.858336</td>\n",
       "      <td>1.000000</td>\n",
       "      <td>0.813912</td>\n",
       "      <td>0.791149</td>\n",
       "      <td>0.744715</td>\n",
       "      <td>0.662414</td>\n",
       "      <td>0.537344</td>\n",
       "      <td>0.480537</td>\n",
       "      <td>0.492962</td>\n",
       "      <td>0.369226</td>\n",
       "      <td>0.423207</td>\n",
       "      <td>NaN</td>\n",
       "    </tr>\n",
       "    <tr>\n",
       "      <th>8</th>\n",
       "      <td>0.113951</td>\n",
       "      <td>0.391482</td>\n",
       "      <td>0.606312</td>\n",
       "      <td>0.565318</td>\n",
       "      <td>0.701045</td>\n",
       "      <td>0.744991</td>\n",
       "      <td>0.810427</td>\n",
       "      <td>0.813912</td>\n",
       "      <td>1.000000</td>\n",
       "      <td>0.805682</td>\n",
       "      <td>0.752687</td>\n",
       "      <td>0.695505</td>\n",
       "      <td>0.519334</td>\n",
       "      <td>0.490591</td>\n",
       "      <td>0.504735</td>\n",
       "      <td>0.383386</td>\n",
       "      <td>0.352673</td>\n",
       "      <td>NaN</td>\n",
       "    </tr>\n",
       "    <tr>\n",
       "      <th>9</th>\n",
       "      <td>0.108952</td>\n",
       "      <td>0.391281</td>\n",
       "      <td>0.604649</td>\n",
       "      <td>0.569745</td>\n",
       "      <td>0.680491</td>\n",
       "      <td>0.735326</td>\n",
       "      <td>0.772343</td>\n",
       "      <td>0.791149</td>\n",
       "      <td>0.805682</td>\n",
       "      <td>1.000000</td>\n",
       "      <td>0.813734</td>\n",
       "      <td>0.718175</td>\n",
       "      <td>0.549421</td>\n",
       "      <td>0.491080</td>\n",
       "      <td>0.507718</td>\n",
       "      <td>0.401453</td>\n",
       "      <td>0.352673</td>\n",
       "      <td>NaN</td>\n",
       "    </tr>\n",
       "    <tr>\n",
       "      <th>10</th>\n",
       "      <td>0.107386</td>\n",
       "      <td>0.384981</td>\n",
       "      <td>0.556467</td>\n",
       "      <td>0.538204</td>\n",
       "      <td>0.614389</td>\n",
       "      <td>0.679791</td>\n",
       "      <td>0.702876</td>\n",
       "      <td>0.744715</td>\n",
       "      <td>0.752687</td>\n",
       "      <td>0.813734</td>\n",
       "      <td>1.000000</td>\n",
       "      <td>0.773927</td>\n",
       "      <td>0.603274</td>\n",
       "      <td>0.509179</td>\n",
       "      <td>0.488043</td>\n",
       "      <td>0.406687</td>\n",
       "      <td>0.352673</td>\n",
       "      <td>NaN</td>\n",
       "    </tr>\n",
       "    <tr>\n",
       "      <th>11</th>\n",
       "      <td>0.044822</td>\n",
       "      <td>0.295343</td>\n",
       "      <td>0.574548</td>\n",
       "      <td>0.525611</td>\n",
       "      <td>0.600728</td>\n",
       "      <td>0.618644</td>\n",
       "      <td>0.656801</td>\n",
       "      <td>0.662414</td>\n",
       "      <td>0.695505</td>\n",
       "      <td>0.718175</td>\n",
       "      <td>0.773927</td>\n",
       "      <td>1.000000</td>\n",
       "      <td>0.663467</td>\n",
       "      <td>0.557792</td>\n",
       "      <td>0.527768</td>\n",
       "      <td>0.420216</td>\n",
       "      <td>0.352673</td>\n",
       "      <td>NaN</td>\n",
       "    </tr>\n",
       "    <tr>\n",
       "      <th>12</th>\n",
       "      <td>-0.011668</td>\n",
       "      <td>0.205182</td>\n",
       "      <td>0.392974</td>\n",
       "      <td>0.515729</td>\n",
       "      <td>0.503534</td>\n",
       "      <td>0.529719</td>\n",
       "      <td>0.523205</td>\n",
       "      <td>0.537344</td>\n",
       "      <td>0.519334</td>\n",
       "      <td>0.549421</td>\n",
       "      <td>0.603274</td>\n",
       "      <td>0.663467</td>\n",
       "      <td>1.000000</td>\n",
       "      <td>0.639598</td>\n",
       "      <td>0.557944</td>\n",
       "      <td>0.427138</td>\n",
       "      <td>0.352673</td>\n",
       "      <td>NaN</td>\n",
       "    </tr>\n",
       "    <tr>\n",
       "      <th>13</th>\n",
       "      <td>-0.010863</td>\n",
       "      <td>0.045218</td>\n",
       "      <td>0.101776</td>\n",
       "      <td>0.339377</td>\n",
       "      <td>0.483392</td>\n",
       "      <td>0.470336</td>\n",
       "      <td>0.483492</td>\n",
       "      <td>0.480537</td>\n",
       "      <td>0.490591</td>\n",
       "      <td>0.491080</td>\n",
       "      <td>0.509179</td>\n",
       "      <td>0.557792</td>\n",
       "      <td>0.639598</td>\n",
       "      <td>1.000000</td>\n",
       "      <td>0.672844</td>\n",
       "      <td>0.435208</td>\n",
       "      <td>0.352673</td>\n",
       "      <td>NaN</td>\n",
       "    </tr>\n",
       "    <tr>\n",
       "      <th>14</th>\n",
       "      <td>0.012752</td>\n",
       "      <td>0.115193</td>\n",
       "      <td>-0.159093</td>\n",
       "      <td>-0.071932</td>\n",
       "      <td>0.390291</td>\n",
       "      <td>0.549192</td>\n",
       "      <td>0.459951</td>\n",
       "      <td>0.492962</td>\n",
       "      <td>0.504735</td>\n",
       "      <td>0.507718</td>\n",
       "      <td>0.488043</td>\n",
       "      <td>0.527768</td>\n",
       "      <td>0.557944</td>\n",
       "      <td>0.672844</td>\n",
       "      <td>1.000000</td>\n",
       "      <td>0.488716</td>\n",
       "      <td>0.358057</td>\n",
       "      <td>NaN</td>\n",
       "    </tr>\n",
       "    <tr>\n",
       "      <th>15</th>\n",
       "      <td>-0.313183</td>\n",
       "      <td>0.018135</td>\n",
       "      <td>0.195297</td>\n",
       "      <td>0.183845</td>\n",
       "      <td>0.292278</td>\n",
       "      <td>0.356041</td>\n",
       "      <td>0.372910</td>\n",
       "      <td>0.369226</td>\n",
       "      <td>0.383386</td>\n",
       "      <td>0.401453</td>\n",
       "      <td>0.406687</td>\n",
       "      <td>0.420216</td>\n",
       "      <td>0.427138</td>\n",
       "      <td>0.435208</td>\n",
       "      <td>0.488716</td>\n",
       "      <td>1.000000</td>\n",
       "      <td>0.392837</td>\n",
       "      <td>NaN</td>\n",
       "    </tr>\n",
       "    <tr>\n",
       "      <th>16</th>\n",
       "      <td>0.158114</td>\n",
       "      <td>0.123091</td>\n",
       "      <td>0.252646</td>\n",
       "      <td>0.000000</td>\n",
       "      <td>0.284268</td>\n",
       "      <td>0.426401</td>\n",
       "      <td>0.423207</td>\n",
       "      <td>0.423207</td>\n",
       "      <td>0.352673</td>\n",
       "      <td>0.352673</td>\n",
       "      <td>0.352673</td>\n",
       "      <td>0.352673</td>\n",
       "      <td>0.352673</td>\n",
       "      <td>0.352673</td>\n",
       "      <td>0.358057</td>\n",
       "      <td>0.392837</td>\n",
       "      <td>1.000000</td>\n",
       "      <td>NaN</td>\n",
       "    </tr>\n",
       "    <tr>\n",
       "      <th>17</th>\n",
       "      <td>NaN</td>\n",
       "      <td>NaN</td>\n",
       "      <td>NaN</td>\n",
       "      <td>NaN</td>\n",
       "      <td>NaN</td>\n",
       "      <td>NaN</td>\n",
       "      <td>NaN</td>\n",
       "      <td>NaN</td>\n",
       "      <td>NaN</td>\n",
       "      <td>NaN</td>\n",
       "      <td>NaN</td>\n",
       "      <td>NaN</td>\n",
       "      <td>NaN</td>\n",
       "      <td>NaN</td>\n",
       "      <td>NaN</td>\n",
       "      <td>NaN</td>\n",
       "      <td>NaN</td>\n",
       "      <td>1.0</td>\n",
       "    </tr>\n",
       "  </tbody>\n",
       "</table>\n",
       "</div>"
      ],
      "text/plain": [
       "s         0         1         2         3         4         5         6   \\\n",
       "s                                                                          \n",
       "0   1.000000  0.257814  0.130736  0.142869  0.134578  0.136407  0.122137   \n",
       "1   0.257814  1.000000  0.434817  0.592668  0.461915  0.510984  0.424719   \n",
       "2   0.130736  0.434817  1.000000  0.673069  0.746192  0.653775  0.675534   \n",
       "3   0.142869  0.592668  0.673069  1.000000  0.726437  0.734802  0.641066   \n",
       "4   0.134578  0.461915  0.746192  0.726437  1.000000  0.815326  0.831751   \n",
       "5   0.136407  0.510984  0.653775  0.734802  0.815326  1.000000  0.853811   \n",
       "6   0.122137  0.424719  0.675534  0.641066  0.831751  0.853811  1.000000   \n",
       "7   0.121187  0.431113  0.616642  0.623007  0.725438  0.838394  0.858336   \n",
       "8   0.113951  0.391482  0.606312  0.565318  0.701045  0.744991  0.810427   \n",
       "9   0.108952  0.391281  0.604649  0.569745  0.680491  0.735326  0.772343   \n",
       "10  0.107386  0.384981  0.556467  0.538204  0.614389  0.679791  0.702876   \n",
       "11  0.044822  0.295343  0.574548  0.525611  0.600728  0.618644  0.656801   \n",
       "12 -0.011668  0.205182  0.392974  0.515729  0.503534  0.529719  0.523205   \n",
       "13 -0.010863  0.045218  0.101776  0.339377  0.483392  0.470336  0.483492   \n",
       "14  0.012752  0.115193 -0.159093 -0.071932  0.390291  0.549192  0.459951   \n",
       "15 -0.313183  0.018135  0.195297  0.183845  0.292278  0.356041  0.372910   \n",
       "16  0.158114  0.123091  0.252646  0.000000  0.284268  0.426401  0.423207   \n",
       "17       NaN       NaN       NaN       NaN       NaN       NaN       NaN   \n",
       "\n",
       "s         7         8         9         10        11        12        13  \\\n",
       "s                                                                          \n",
       "0   0.121187  0.113951  0.108952  0.107386  0.044822 -0.011668 -0.010863   \n",
       "1   0.431113  0.391482  0.391281  0.384981  0.295343  0.205182  0.045218   \n",
       "2   0.616642  0.606312  0.604649  0.556467  0.574548  0.392974  0.101776   \n",
       "3   0.623007  0.565318  0.569745  0.538204  0.525611  0.515729  0.339377   \n",
       "4   0.725438  0.701045  0.680491  0.614389  0.600728  0.503534  0.483392   \n",
       "5   0.838394  0.744991  0.735326  0.679791  0.618644  0.529719  0.470336   \n",
       "6   0.858336  0.810427  0.772343  0.702876  0.656801  0.523205  0.483492   \n",
       "7   1.000000  0.813912  0.791149  0.744715  0.662414  0.537344  0.480537   \n",
       "8   0.813912  1.000000  0.805682  0.752687  0.695505  0.519334  0.490591   \n",
       "9   0.791149  0.805682  1.000000  0.813734  0.718175  0.549421  0.491080   \n",
       "10  0.744715  0.752687  0.813734  1.000000  0.773927  0.603274  0.509179   \n",
       "11  0.662414  0.695505  0.718175  0.773927  1.000000  0.663467  0.557792   \n",
       "12  0.537344  0.519334  0.549421  0.603274  0.663467  1.000000  0.639598   \n",
       "13  0.480537  0.490591  0.491080  0.509179  0.557792  0.639598  1.000000   \n",
       "14  0.492962  0.504735  0.507718  0.488043  0.527768  0.557944  0.672844   \n",
       "15  0.369226  0.383386  0.401453  0.406687  0.420216  0.427138  0.435208   \n",
       "16  0.423207  0.352673  0.352673  0.352673  0.352673  0.352673  0.352673   \n",
       "17       NaN       NaN       NaN       NaN       NaN       NaN       NaN   \n",
       "\n",
       "s         14        15        16   17  \n",
       "s                                      \n",
       "0   0.012752 -0.313183  0.158114  NaN  \n",
       "1   0.115193  0.018135  0.123091  NaN  \n",
       "2  -0.159093  0.195297  0.252646  NaN  \n",
       "3  -0.071932  0.183845  0.000000  NaN  \n",
       "4   0.390291  0.292278  0.284268  NaN  \n",
       "5   0.549192  0.356041  0.426401  NaN  \n",
       "6   0.459951  0.372910  0.423207  NaN  \n",
       "7   0.492962  0.369226  0.423207  NaN  \n",
       "8   0.504735  0.383386  0.352673  NaN  \n",
       "9   0.507718  0.401453  0.352673  NaN  \n",
       "10  0.488043  0.406687  0.352673  NaN  \n",
       "11  0.527768  0.420216  0.352673  NaN  \n",
       "12  0.557944  0.427138  0.352673  NaN  \n",
       "13  0.672844  0.435208  0.352673  NaN  \n",
       "14  1.000000  0.488716  0.358057  NaN  \n",
       "15  0.488716  1.000000  0.392837  NaN  \n",
       "16  0.358057  0.392837  1.000000  NaN  \n",
       "17       NaN       NaN       NaN  1.0  "
      ]
     },
     "execution_count": 6,
     "metadata": {},
     "output_type": "execute_result"
    }
   ],
   "source": [
    "df_corr_kendall = df_to_corr.corr(method='kendall')\n",
    "df_corr_kendall"
   ]
  },
  {
   "cell_type": "code",
   "execution_count": 8,
   "metadata": {},
   "outputs": [
    {
     "data": {
      "text/plain": [
       "<matplotlib.axes._subplots.AxesSubplot at 0x7f0c99023860>"
      ]
     },
     "execution_count": 8,
     "metadata": {},
     "output_type": "execute_result"
    },
    {
     "data": {
